0.0,4.5,-3.4,-4.6624229323404485e-20,-4.596050140936638e-20,2.726494533105467e-21,-3.686624405445353e-21,0.0
0.02,4.5,-3.4,-5.893874735546895e-20,-0.03828885356516752,0.005470634272052191,0.10052288665944736,0.0
0.04,4.5,-3.4,-7.125326538753342e-20,-0.07657770713033504,0.010941268544104382,0.20104577331889473,0.0
0.06,4.5,-3.4,-8.356778341959788e-20,-0.11486656069550255,0.016411902816156572,0.3015686599783421,0.0
0.08,4.499536311830392,-3.399933749168335,0.001217358812780669,-0.15329648585145333,0.02191410670858282,0.4016436427187055,0.0
0.1,4.4965938798322584,-3.39951334041139,0.008942368331492598,-0.19248053922967454,0.027585072727800565,0.4993242597021413,0.0
0.12,4.493651447834125,-3.399092931654445,0.016667377850204522,-0.2316645926078957,0.03325603874701831,0.597004876685577,0.0
0.14,4.490709015835992,-3.3986725228975003,0.024392387368916458,-0.27084864598611696,0.03892700476623606,0.6946854936690128,0.0
0.16,4.486817525284416,-3.398114760336066,0.03448327323428546,-0.31079430930087887,0.044628404403645745,0.7897834931823305,0.0
0.18,4.4808638667349205,-3.3972585476748107,0.04971486877601006,-0.3523948416775492,0.05039593192459715,0.8792698356715104,0.0
0.2,4.474910208185425,-3.3964023350135557,0.06494646431773468,-0.3939953740542196,0.056163459445548555,0.9687561781606904,0.0
0.22,4.46895654963593,-3.3955461223523007,0.08017805985945928,-0.43559590643088997,0.06193098696649995,1.0582425206498702,0.0
0.24,4.461491510651947,-3.394480370828138,0.0986607654102439,-0.4824053906916454,0.06782694839483173,1.1229416330699578,0.0
0.26,4.4523409233305795,-3.393180933678616,0.1207692311901419,-0.5350240941187929,0.07386614414994785,1.1599970937145148,0.0
0.28,4.443190336009212,-3.3918814965290935,0.1428776969700399,-0.5876427975459406,0.07990533990506397,1.1970525543590718,0.0
0.3,4.4340397486878445,-3.390582059379571,0.16498616274993785,-0.640261500973088,0.08594453566018007,1.2341080150036285,0.0
0.32,4.422340255561527,-3.3889900771820933,0.1888896343469737,-0.6826264741832572,0.09170320372598956,1.1838555632560512,0.0
0.34,4.409146012130142,-3.3872265383116194,0.21384574801793588,-0.7189783705899808,0.09729736243709604,1.0824032874782774,0.0
0.36,4.395951768698758,-3.385462999441146,0.238801861688898,-0.7553302669967042,0.1028915211482025,0.9809510117005037,0.0
0.38,4.382757525267373,-3.3836994605706723,0.2637579753598602,-0.7916821634034279,0.108485679859309,0.8794987359227298,0.0
0.4,4.367362126311977,-3.3815971879733144,0.2825710192235885,-0.8225865188299586,0.12550340752140698,0.7874950532667663,0.0
0.42,4.351374302681125,-3.3794037477069634,0.299730701433789,-0.852024709025538,0.1455957039972533,0.6980343893355769,0.0
0.44,4.335386479050273,-3.377210307440613,0.3168903836439896,-0.8814628992211174,0.16568800047309967,0.6085737254043871,0.0
0.46,4.319398655419421,-3.375016867174262,0.33405006585419006,-0.9109010894166969,0.18578029694894604,0.5191130614731975,0.0
0.48,4.301271806052769,-3.3713634886791133,0.34470939389114874,-0.9408829631572168,0.20649310977845034,0.4319573858356185,0.0
0.5,4.28302170855542,-3.3676259902715104,0.35499417921582715,-0.9708961632999783,0.22724167602567927,0.34493452089484966,0.0
0.52,4.264771611058071,-3.363888491863907,0.36527896454050557,-1.0009093634427397,0.24799024227290817,0.25791165595408083,0.0
0.54,4.246283701258874,-3.3599865903178237,0.3748742163357175,-1.0294871403819879,0.26787412006915357,0.17504203013823127,0.0
0.56,4.225727141377736,-3.3546546005751035,0.3784714453997954,-1.045578648509721,0.2802363607546391,0.12830004948327176,0.0
0.58,4.205170581496599,-3.3493226108323833,0.3820686744638733,-1.061670156637454,0.29259860144012456,0.08155806882831249,0.0
0.6,4.184614021615462,-3.343990621089663,0.3856659035279512,-1.077761664765187,0.3049608421256101,0.034816088173352966,0.0
0.62,4.163735086786075,-3.3384109680036693,0.3883267105068477,-1.0913707373415558,0.30683660118298967,0.00027118533246338024,1.0
0.64,4.1419419224102985,-3.332128961502163,0.3883318994148735,-1.09793982141883,0.27897353780961015,0.0003162187686365478,1.0
0.66,4.120148758034522,-3.3258469550006575,0.3883370883228993,-1.1045089054961044,0.2511104744362307,0.00036125220480971536,1.0
0.68,4.098355593658745,-3.3195649484991514,0.3883422772309251,-1.1110779895733787,0.22324741106285118,0.0004062856409828829,1.0
0.7000000000000001,4.076351271851864,-3.3141785756682447,0.3883489136991563,-1.1134542643354408,0.18450091892301465,-0.009305012415421034,1.0
0.72,4.054053284756481,-3.310037797268445,0.38835756334865756,-1.1099994274441987,0.1306183966093898,-0.032584840300610006,1.0
0.74,4.031755297661098,-3.305897018868645,0.3883662129981589,-1.1065445905529565,0.07673587429576464,-0.05586466818579911,1.0
0.76,4.009457310565715,-3.3017562404688454,0.3883748626476602,-1.1030897536617146,0.022853351982139503,-0.07914449607098822,1.0
0.78,3.9873122151550313,-3.3,0.38735327781230916,-1.1017897206551865,3.79700604325306e-16,-0.08861055485988395,1.0
0.8,3.965279726283558,-3.3,0.38557291305938574,-1.1020767262676026,3.643643794742292e-16,-0.0879026088660205,1.0
0.8200000000000001,3.943247237412085,-3.3,0.38379254830646226,-1.1023637318800183,3.490281546231524e-16,-0.08719466287215705,1.0
0.84,3.921214748540612,-3.3,0.38201218355353883,-1.1026507374924344,3.3369192977207565e-16,-0.0864867168782936,1.0
0.86,3.8991822596691392,-3.3,0.38023181880061535,-1.1029377431048502,3.183557049209989e-16,-0.08577877088443014,1.0
0.88,3.877149770797666,-3.3,0.3784514540476919,-1.1032247487172662,3.0301948006992205e-16,-0.08507082489056669,1.0
0.9,3.855117281926193,-3.3,0.37667108929476845,-1.103511754329682,2.876832552188453e-16,-0.08436287889670324,1.0
0.92,3.83308479305472,-3.3,0.374890724541845,-1.1037987599420978,2.7234703036776845e-16,-0.08365493290283979,1.0
0.9400000000000001,3.8110523041832467,-3.3,0.37311035978892154,-1.1040857655545138,2.5701080551669163e-16,-0.08294698690897634,1.0
0.96,3.7890198153117742,-3.3,0.3713299950359981,-1.1043727711669296,2.416745806656149e-16,-0.08223904091511289,1.0
0.98,3.766987326440301,-3.3,0.36954963028307464,-1.1046597767793456,2.2633835581453813e-16,-0.08153109492124944,1.0
1.0,3.744954837568828,-3.3,0.3677692655301512,-1.1049467823917614,2.110021309634613e-16,-0.08082314892738598,1.0
1.02,3.722922348697355,-3.3,0.36598890077722773,-1.1052337880041774,1.956659061123845e-16,-0.08011520293352253,1.0
1.04,3.7008898598258817,-3.3,0.3642085360243043,-1.1055207936165932,1.803296812613077e-16,-0.07940725693965908,1.0
1.06,3.678857370954409,-3.3,0.36242817127138083,-1.1058077992290092,1.6499345641023088e-16,-0.07869931094579563,1.0
1.08,3.656824882082936,-3.3,0.3606478065184574,-1.106094804841425,1.496572315591541e-16,-0.07799136495193218,1.0
1.1,3.6347923932114625,-3.3,0.3588674417655339,-1.106381810453841,1.3432100670807728e-16,-0.07728341895806873,1.0
1.12,3.6127596050045083,-3.3,0.3570878153722305,-1.1066686459209025,1.1906909290179767e-16,-0.07657585884080906,1.0
1.1400000000000001,3.5906262457171096,-3.3,0.3555562638959976,-1.1068983157554968,1.32144101206977e-16,-0.0759979459901252,1.0
1.16,3.5684928864297114,-3.3,0.35402471241976474,-1.107127985590091,1.4521910951215617e-16,-0.07542003313944136,1.0
1.18,3.5463595271423127,-3.3,0.35249316094353184,-1.1073576554246856,1.582941178173355e-16,-0.0748421202887575,1.0
1.2,3.5242261678549145,-3.3,0.350961609467299,-1.1075873252592798,1.7136912612251482e-16,-0.07426420743807366,1.0
1.22,3.502092808567516,-3.3,0.3494300579910661,-1.1078169950938743,1.8444413442769415e-16,-0.0736862945873898,1.0
1.24,3.479959449280117,-3.3,0.34789850651483323,-1.1080466649284686,1.9751914273287347e-16,-0.07310838173670595,1.0
1.26,3.457826089992719,-3.3,0.3463669550386003,-1.1082763347630629,2.105941510380528e-16,-0.07253046888602209,1.0
1.28,3.43569273070532,-3.3,0.34483540356236747,-1.1085060045976574,2.2366915934323212e-16,-0.07195255603533823,1.0
1.3,3.4135593714179215,-3.3,0.34330385208613456,-1.1087356744322516,2.3674416764841147e-16,-0.07137464318465439,1.0
1.32,3.3914260121305233,-3.3,0.3417723006099017,-1.1089653442668461,2.498191759535908e-16,-0.07079673033397053,1.0
1.34,3.3692926528431246,-3.3,0.3402407491336688,-1.1091950141014404,2.628941842587701e-16,-0.07021881748328668,1.0
1.36,3.347159293555726,-3.3,0.33870919765743596,-1.1094246839360347,2.7596919256394943e-16,-0.06964090463260282,1.0
1.3800000000000001,3.3250259342683277,-3.3,0.33717764618120305,-1.1096543537706292,2.890442008691288e-16,-0.06906299178191896,1.0
1.4000000000000001,3.302892574980929,-3.3,0.3356460947049702,-1.1098840236052234,3.021192091743081e-16,-0.06848507893123512,1.0
1.42,3.280759215693531,-3.3,0.33411454322873735,-1.1101136934398177,3.151942174794873e-16,-0.06790716608055127,1.0
1.44,3.258625856406132,-3.3,0.33258299175250444,-1.1103433632744122,3.282692257846666e-16,-0.06732925322986741,1.0
1.46,3.236492497118734,-3.3,0.3310514402762716,-1.1105730331090065,3.4134423408984593e-16,-0.06675134037918357,1.0
1.48,3.2143244230457433,-3.3,0.329607240805746,-1.1107837355484071,3.345676433853094e-16,-0.06621732172418529,1.0
1.5,3.192110344459701,-3.3,0.3282788014189474,-1.1109693021338802,3.014834396514765e-16,-0.06574147226320323,1.0
1.52,3.1698962658736587,-3.3,0.3269503620321488,-1.1111548687193535,2.683992359176436e-16,-0.06526562280222117,1.0
1.54,3.147682187287616,-3.3,0.3256219226453502,-1.1113404353048266,2.353150321838107e-16,-0.06478977334123912,1.0
1.56,3.1254681087015737,-3.3,0.3242934832585516,-1.1115260018903,2.0223082844997782e-16,-0.06431392388025706,1.0
1.58,3.103254030115531,-3.3,0.322965043871753,-1.111711568475773,1.6914662471614493e-16,-0.063838074419275,1.0
1.6,3.081039951529489,-3.3,0.32163660448495446,-1.111897135061246,1.3606242098231203e-16,-0.06336222495829294,1.0
1.62,3.0588258729434465,-3.3,0.32030816509815585,-1.1120827016467194,1.0297821724847912e-16,-0.06288637549731088,1.0
1.6400000000000001,3.036611794357404,-3.3,0.3189797257113573,-1.1122682682321925,6.989401351464626e-17,-0.06241052603632883,1.0
1.6600000000000001,3.0143977157713615,-3.3,0.3176512863245587,-1.1124538348176658,3.6809809780813356e-17,-0.06193467657534678,1.0
1.68,2.9921836371853194,-3.3,0.31632284693776014,-1.1126394014031389,3.725606046980844e-18,-0.06145882711436472,1.0
1.7,2.969969558599277,-3.3,0.31499440755096153,-1.1128249679886122,-2.935859768685206e-17,-0.06098297765338267,1.0
1.72,2.9477554800132344,-3.3,0.3136659681641629,-1.1130105345740853,-6.244280142068497e-17,-0.06050712819240061,1.0
1.74,2.925541401427192,-3.3,0.31233752877736437,-1.1131961011595586,-9.552700515451788e-17,-0.06003127873141855,1.0
1.76,2.90332732284115,-3.3,0.31100908939056576,-1.1133816677450317,-1.2861120888835073e-16,-0.0595554292704365,1.0
1.78,2.8811132442551073,-3.3,0.3096806500037672,-1.113567234330505,-1.616954126221837e-16,-0.05907957980945444,1.0
1.8,2.8588991656690648,-3.3,0.3083522106169686,-1.113752800915978,-1.9477961635601655e-16,-0.05860373034847238,1.0
1.82,2.8366850870830222,-3.3,0.30702377123017,-1.1139383675014514,-2.278638200898494e-16,-0.058127880887490324,1.0
1.84,2.814415104949608,-3.3,0.30583868563099487,-1.114094646669762,-2.2960545616642534e-16,-0.05772116299880032,1.0
1.86,2.7921358075042515,-3.3,0.30467748733973843,-1.1142460456213485,-2.2612442197384714e-16,-0.05732596463241677,1.0
1.8800000000000001,2.7698565100588945,-3.3,0.30351628904848194,-1.1143974445729348,-2.226433877812689e-16,-0.05693076626603323,1.0
1.9000000000000001,2.747577212613538,-3.3,0.3023550907572255,-1.114548843524521,-2.1916235358869068e-16,-0.05653556789964968,1.0
1.92,2.7252979151681815,-3.3,0.30119389246596906,-1.1147002424761072,-2.1568131939611253e-16,-0.05614036953326614,1.0
1.94,2.703018617722825,-3.3,0.3000326941747126,-1.1148516414276937,-2.122002852035343e-16,-0.0557451711668826,1.0
1.96,2.680739320277468,-3.3,0.2988714958834562,-1.1150030403792799,-2.087192510109561e-16,-0.05534997280049905,1.0
1.98,2.6584600228321116,-3.3,0.29771029759219975,-1.115154439330866,-2.0523821681837787e-16,-0.05495477443411551,1.0
2.0,2.6361807253867546,-3.3,0.29654909930094325,-1.1153058382824523,-2.0175718262579966e-16,-0.054559576067731964,1.0
2.02,2.613901427941398,-3.3,0.2953879010096868,-1.1154572372340388,-1.9827614843322146e-16,-0.054164377701348417,1.0
2.04,2.591622130496041,-3.3,0.2942267027184304,-1.115608636185625,-1.9479511424064323e-16,-0.053769179334964876,1.0
2.06,2.5693428330506847,-3.3,0.29306550442717394,-1.1157600351372112,-1.91314080048065e-16,-0.05337398096858133,1.0
2.08,2.547063535605328,-3.3,0.29190430613591745,-1.1159114340887974,-1.878330458554868e-16,-0.05297878260219779,1.0
2.1,2.524784238159971,-3.3,0.290743107844661,-1.1160628330403837,-1.843520116629086e-16,-0.05258358423581424,1.0
2.12,2.5025049407146147,-3.3,0.28958190955340457,-1.1162142319919701,-1.8087097747033036e-16,-0.0521883858694307,1.0
2.14,2.4802256432692578,-3.3,0.28842071126214813,-1.1163656309435563,-1.7738994327775216e-16,-0.05179318750304715,1.0
2.16,2.4579463458239013,-3.3,0.28725951297089164,-1.1165170298951426,-1.7390890908517393e-16,-0.0513979891366636,1.0
2.18,2.435651922325587,-3.3,0.2861377983838223,-1.1166608396944695,-1.691635464714144e-16,-0.051021048748644965,1.0
2.2,2.413319414508877,-3.3,0.2851154957164341,-1.116785541555208,-1.6123486258512625e-16,-0.0506900782288573,1.0
2.22,2.390986906692167,-3.3,0.2840931930490458,-1.1169102434159461,-1.5330617869883807e-16,-0.050359107709069637,1.0
2.24,2.3686543988754565,-3.3,0.28307089038165756,-1.1170349452766846,-1.4537749481254993e-16,-0.050028137189281965,1.0
2.2600000000000002,2.3463218910587464,-3.3,0.28204858771426927,-1.1171596471374228,-1.3744881092626178e-16,-0.0496971666694943,1.0
2.2800000000000002,2.3239893832420364,-3.3,0.28102628504688104,-1.1172843489981612,-1.2952012703997363e-16,-0.04936619614970664,1.0
2.3000000000000003,2.3016568754253264,-3.3,0.28000398237949276,-1.1174090508588996,-1.2159144315368545e-16,-0.049035225629918966,1.0
2.32,2.2793243676086163,-3.3,0.2789816797121045,-1.1175337527196378,-1.136627592673975e-16,-0.04870425511013131,1.0
2.34,2.2569918597919063,-3.3,0.2779593770447163,-1.1176584545803763,-1.0573407538110933e-16,-0.048373284590343645,1.0
2.36,2.2346593519751963,-3.3,0.27693707437732806,-1.1177831564411147,-9.780539149482118e-17,-0.04804231407055597,1.0
2.38,2.2123268441584862,-3.3,0.2759147717099398,-1.117907858301853,-8.987670760853303e-17,-0.04771134355076831,1.0
2.4,2.189994336341776,-3.3,0.27489246904255155,-1.1180325601625913,-8.194802372224487e-17,-0.047380373030980645,1.0
2.42,2.1676618285250657,-3.3,0.27387016637516326,-1.1181572620233298,-7.401933983595672e-17,-0.047049402511192974,1.0
2.44,2.1453293207083557,-3.3,0.27284786370777503,-1.118281963884068,-6.609065594966856e-17,-0.04671843199140531,1.0
2.46,2.1229968128916457,-3.3,0.27182556104038674,-1.1184066657448064,-5.816197206338041e-17,-0.04638746147161764,1.0
2.48,2.100664305074935,-3.3,0.2708032583729985,-1.1185313676055446,-5.023328817709226e-17,-0.046056490951829974,1.0
2.5,2.078331797258225,-3.3,0.2697809557056103,-1.118656069466283,-4.230460429080411e-17,-0.04572552043204231,1.0
2.52,2.055999289441515,-3.3,0.268758653038222,-1.1187807713270215,-3.437592040451594e-17,-0.04539454991225464,1.0
2.54,2.0336356041096892,-3.3,0.26781909844149177,-1.118890503661007,-1.0102206424511964e-17,-0.045100247874795135,1.0
2.56,2.011259268827539,-3.3,0.26691311800804535,-1.118994162266246,2.0803332380904644e-17,-0.04482082369011533,1.0
2.58,1.9888829335453881,-3.3,0.2660071375745989,-1.119097820871485,5.170887118632125e-17,-0.044541399505435515,1.0
2.6,1.9665065982632375,-3.3,0.26510115714115245,-1.119201479476724,8.261440999173785e-17,-0.04426197532075571,1.0
2.62,1.944130262981087,-3.3,0.264195176707706,-1.119305138081963,1.1351994879715448e-16,-0.0439825511360759,1.0
2.64,1.9217539276989364,-3.3,0.26328919627425956,-1.1194087966872022,1.4442548760257108e-16,-0.043703126951396096,1.0
2.66,1.8993775924167857,-3.3,0.2623832158408131,-1.1195124552924411,1.7533102640798768e-16,-0.04342370276671629,1.0
2.68,1.8770012571346353,-3.3,0.26147723540736667,-1.1196161138976801,2.0623656521340428e-16,-0.04314427858203648,1.0
2.7,1.8546249218524846,-3.3,0.2605712549739202,-1.119719772502919,2.371421040188209e-16,-0.042864854397356676,1.0
2.72,1.8322485865703342,-3.3,0.2596652745404738,-1.1198234311081583,2.680476428242375e-16,-0.04258543021267686,1.0
2.74,1.8098722512881835,-3.3,0.2587592941070273,-1.1199270897133973,2.9895318162965413e-16,-0.042306006027997056,1.0
2.7600000000000002,1.787495916006033,-3.3,0.2578533136735809,-1.1200307483186362,3.2985872043507073e-16,-0.04202658184331725,1.0
2.7800000000000002,1.7651195807238824,-3.3,0.2569473332401344,-1.1201344069238752,3.6076425924048732e-16,-0.04174715765863744,1.0
2.8000000000000003,1.742743245441732,-3.3,0.256041352806688,-1.1202380655291142,3.916697980459039e-16,-0.04146773347395764,1.0
2.82,1.7203669101595818,-3.3,0.2551353723732416,-1.1203417241343534,4.225753368513199e-16,-0.04118830928927784,1.0
2.84,1.6979905748774313,-3.3,0.2542293919397951,-1.1204453827395924,4.534808756567364e-16,-0.04090888510459803,1.0
2.86,1.6756142395952807,-3.3,0.2533234115063487,-1.1205490413448314,4.843864144621531e-16,-0.04062946091991822,1.0
2.88,1.653232859630792,-3.3,0.25243102961830094,-1.120650240613655,5.031749708245842e-16,-0.040356238505125604,1.0
2.9,1.6308200927035015,-3.3,0.25162325504741945,-1.1207361384035313,4.465741861513651e-16,-0.0401216022108667,1.0
2.92,1.6084073257762108,-3.3,0.25081548047653796,-1.1208220361934076,3.899734014781459e-16,-0.0398869659166078,1.0
2.94,1.5859945588489204,-3.3,0.2500077059056565,-1.1209079339832841,3.3337261680492677e-16,-0.0396523296223489,1.0
2.96,1.5635817919216297,-3.3,0.24919993133477503,-1.1209938317731605,2.7677183213170764e-16,-0.039417693328089996,1.0
2.98,1.5411690249943393,-3.3,0.24839215676389356,-1.1210797295630368,2.2017104745848846e-16,-0.0391830570338311,1.0
3.0,1.5187562580670486,-3.3,0.24758438219301207,-1.1211656273529134,1.6357026278526933e-16,-0.03894842073957219,1.0
3.02,1.4963434911397582,-3.3,0.2467766076221306,-1.1212515251427897,1.0696947811205019e-16,-0.038713784445313294,1.0
3.04,1.4739307242124675,-3.3,0.24596883305124911,-1.1213374229326663,5.036869343883106e-17,-0.038479148151054396,1.0
3.06,1.4515179572851769,-3.3,0.24516105848036765,-1.1214233207225426,-6.232091234388071e-18,-0.03824451185679549,1.0
3.08,1.4291051903578864,-3.3,0.24435328390948619,-1.121509218512419,-6.28328759076072e-17,-0.03800987556253659,1.0
3.1,1.4066924234305958,-3.3,0.2435455093386047,-1.1215951163022955,-1.1943366058082634e-16,-0.037775239268277694,1.0
3.12,1.3842796565033053,-3.3,0.24273773476772323,-1.1216810140921718,-1.7603444525404557e-16,-0.03754060297401879,1.0
3.14,1.3618668895760146,-3.3,0.24192996019684176,-1.1217669118820481,-2.326352299272647e-16,-0.03730596667975989,1.0
3.16,1.3394541226487242,-3.3,0.24112218562596027,-1.1218528096719247,-2.8923601460048383e-16,-0.037071330385500985,1.0
3.18,1.3170413557214335,-3.3,0.2403144110550788,-1.121938707461801,-3.4583679927370296e-16,-0.036836694091242086,1.0
3.2,1.294628588794143,-3.3,0.23950663648419734,-1.1220246052516776,-4.024375839469221e-16,-0.03660205779698319,1.0
3.22,1.2722158218668524,-3.3,0.23869886191331585,-1.122110503041554,-4.590383686201412e-16,-0.03636742150272428,1.0
3.24,1.249785980676615,-3.3,0.23793772697997143,-1.1222669356245858,-4.658158006334103e-16,-0.03591378347798715,1.0
3.2600000000000002,1.2273430242846692,-3.3,0.23721241720966957,-1.1224775478839275,-4.343225721821053e-16,-0.03529192431956817,1.0
3.2800000000000002,1.2049000678927233,-3.3,0.2364871074393677,-1.1226881601432692,-4.028293437308004e-16,-0.0346700651611492,1.0
3.3000000000000003,1.1824571115007774,-3.3,0.23576179766906585,-1.1228987724026107,-3.713361152794955e-16,-0.03404820600273022,1.0
3.3200000000000003,1.1600141551088317,-3.3,0.23503648789876402,-1.1231093846619524,-3.3984288682819056e-16,-0.03342634684431125,1.0
3.34,1.1375711987168862,-3.3,0.23431117812846217,-1.1233199969212941,-3.083496583768864e-16,-0.03280448768589229,1.0
3.36,1.1151282423249405,-3.3,0.23358586835816034,-1.1235306091806359,-2.768564299255815e-16,-0.03218262852747331,1.0
3.38,1.0926852859329945,-3.3,0.23286055858785848,-1.1237412214399776,-2.453632014742766e-16,-0.031560769369054345,1.0
3.4,1.0702423295410488,-3.3,0.23213524881755662,-1.1239518336993193,-2.1386997302297166e-16,-0.030938910210635367,1.0
3.42,1.0477993731491029,-3.3,0.23140993904725476,-1.124162445958661,-1.8237674457166678e-16,-0.030317051052216392,1.0
3.44,1.025356416757157,-3.3,0.2306846292769529,-1.1243730582180027,-1.5088351612036186e-16,-0.02969519189379742,1.0
3.46,1.0029134603652112,-3.3,0.22995931950665105,-1.1245836704773444,-1.1939028766905694e-16,-0.029073332735378446,1.0
3.48,0.9804705039732653,-3.3,0.22923400973634922,-1.1247942827366861,-8.789705921775206e-17,-0.02845147357695947,1.0
3.5,0.9580275475813195,-3.3,0.22850869996604736,-1.1250048949960278,-5.640383076644714e-17,-0.027829614418540496,1.0
3.52,0.9355845911893736,-3.3,0.2277833901957455,-1.1252155072553696,-2.4910602315142215e-17,-0.02720775526012152,1.0
3.54,0.9131416347974277,-3.3,0.22705808042544365,-1.1254261195147113,6.582626136162659e-18,-0.026585896101702547,1.0
3.56,0.890698678405482,-3.3,0.2263327706551418,-1.125636731774053,3.807585458746763e-17,-0.025964036943283572,1.0
3.58,0.8682557220135361,-3.3,0.22560746088483993,-1.1258473440333947,6.95690830387725e-17,-0.0253421777848646,1.0
3.6,0.8457392867848725,-3.3,0.22509910661231247,-1.1060335296071482,9.896787977302863e-17,-0.02573151259480031,1.0
3.62,0.823222309031393,-3.3,0.2245923542124703,-1.0860718665092808,1.283512124467137e-16,-0.02612831347042269,1.0
3.64,0.8007053312779135,-3.3,0.22408560181262815,-1.0661102034114132,1.5773454512039883e-16,-0.026525114346045073,1.0
3.66,0.778188353524434,-3.3,0.223578849412786,-1.0461485403135458,1.871178777940839e-16,-0.026921915221667453,1.0
3.68,0.7556713757709546,-3.3,0.22307209701294384,-1.0261868772156781,2.16501210467769e-16,-0.027318716097289836,1.0
3.7,0.7331543980174751,-3.3,0.22256534461310168,-1.0062252141178107,2.458845431414541e-16,-0.027715516972912215,1.0
3.72,0.7106374202639957,-3.3,0.22205859221325952,-0.9862635510199431,2.7526787581513917e-16,-0.028112317848534598,1.0
3.74,0.6881204425105162,-3.3,0.22155183981341736,-0.9663018879220756,3.0465120848882424e-16,-0.028509118724156977,1.0
3.7600000000000002,0.6656034647570367,-3.3,0.2210450874135752,-0.9463402248242081,3.340345411625094e-16,-0.02890591959977936,1.0
3.7800000000000002,0.6430864870035572,-3.3,0.22053833501373302,-0.9263785617263405,3.634178738361945e-16,-0.029302720475401743,1.0
3.8000000000000003,0.6205695092500777,-3.3,0.22003158261389086,-0.906416898628473,3.9280120650987955e-16,-0.029699521351024123,1.0
3.8200000000000003,0.5980525314965983,-3.3,0.2195248302140487,-0.8864552355306055,4.221845391835646e-16,-0.030096322226646505,1.0
3.84,0.5755355537431193,-3.3,0.21901807781420657,-0.8664935724327383,4.515678718572491e-16,-0.030493123102268878,1.0
3.86,0.5530185759896398,-3.3,0.2185113254143644,-0.8465319093348709,4.809512045309342e-16,-0.030889923977891257,1.0
3.88,0.5305015982361603,-3.3,0.21800457301452225,-0.8265702462370033,5.103345372046192e-16,-0.03128672485351364,1.0
3.9,0.5079846204826808,-3.3,0.2174978206146801,-0.8066085831391357,5.397178698783044e-16,-0.03168352572913602,1.0
3.92,0.48546764272920134,-3.3,0.21699106821483793,-0.7866469200412682,5.691012025519895e-16,-0.0320803266047584,1.0
3.94,0.4658956475788912,-3.3,0.21642577501757318,-0.7531310796346236,0.007727939058592598,-0.0326482170041649,1.0
3.96,0.4503943558334207,-3.3,0.21577956377918528,-0.7008799721125598,0.02613782503406941,-0.03345259596762976,1.0
3.98,0.43489306408795014,-3.3,0.2151333525407974,-0.6486288645904962,0.044547711009546215,-0.03425697493109463,1.0
4.0,0.41939177234247965,-3.3,0.21448714130240953,-0.5963777570684324,0.06295759698502303,-0.0350613538945595,1.0
4.0200000000000005,0.40389048059700877,-3.3,0.21384093006402163,-0.5441266495463676,0.08136748296050024,-0.03586573285802438,1.0
4.04,0.3883891888515386,-3.3,0.21319471882563376,-0.491875542024305,0.09977736893597665,-0.03667011182148923,1.0
4.0600000000000005,0.37288789710606773,-3.3,0.21254850758724586,-0.4396244345022401,0.11818725491145386,-0.037474490784954115,1.0
4.08,0.3573866053605976,-3.3,0.211902296348858,-0.38737332698017757,0.13659714088693026,-0.03827886974841896,1.0
4.1,0.3418853136151274,-3.3,0.21125608511047012,-0.335122219458115,0.15500702686240667,-0.03908324871188381,1.0
4.12,0.32638402186965654,-3.3,0.21060987387208221,-0.28287111193605013,0.17341691283788388,-0.03988762767534869,1.0
4.14,0.3108827301241864,-3.3,0.20996366263369434,-0.23062000441398756,0.1918267988133603,-0.04069200663881354,1.0
4.16,0.29538143837871556,-3.3,0.20931745139530647,-0.1783688968919227,0.2102366847888375,-0.041496385602278425,1.0
4.18,0.27988014663324534,-3.3,0.2086712401569186,-0.12611778936986007,0.2286465707643139,-0.04230076456574327,1.0
4.2,0.26437885488777446,-3.3,0.2080250289185307,-0.07386668184779521,0.24705645673979112,-0.043105143529208155,1.0
4.22,0.24887756314230433,-3.3,0.20737881768014282,-0.02161557432573269,0.26546634271526753,-0.043909522492673006,1.0
4.24,0.23337627139683345,-3.3,0.20673260644175492,0.030635533196332165,0.2838762286907448,-0.044713901456137885,1.0
4.26,0.21787497965136327,-3.3,0.20608639520336705,0.0828866407183948,0.3022861146662212,-0.045518280419602736,1.0
4.28,0.20237368790589244,-3.3,0.20544018396497915,0.13513774824045965,0.3206960006416984,-0.04632265938306762,1.0
4.3,0.20242440500360986,-3.2945204853433623,0.20455455753816112,0.1876646647093222,0.3382680215453286,-0.04420162023433432,1.0
4.32,0.20528718253173983,-3.2880501838051606,0.20362564088532706,0.2402414519976721,0.3556885425856094,-0.041551617104248255,1.0
4.34,0.20814996005986966,-3.2815798822669593,0.20269672423249305,0.2928182392860197,0.37310906362588947,-0.03890161397416231,1.0
4.36,0.21101273758799963,-3.2751095807287576,0.20176780757965898,0.34539502657436966,0.39052958466617027,-0.03625161084407624,1.0
4.38,0.21387551511612946,-3.2686392791905563,0.20083889092682494,0.39797181386271724,0.4079501057064503,-0.033601607713990296,1.0
4.4,0.21673829264425942,-3.2621689776523546,0.19990997427399088,0.4505486011510672,0.4253706267467311,-0.03095160458390423,1.0
4.42,0.21960107017238928,-3.2556986761141533,0.19898105762115686,0.5031253884394148,0.4427911477870111,-0.02830160145381828,1.0
4.44,0.22246384770051922,-3.2492283745759516,0.1980521409683228,0.5557021757277647,0.4602116688272919,-0.025651598323732216,1.0
4.46,0.2306192266066701,-3.241004449843583,0.19738998481839157,0.6099958045665702,0.46664961981657466,-0.023471828661645294,1.0
4.48,0.24214216671494676,-3.2316647347824077,0.19689756227499366,0.6653818204155786,0.46609961268058664,-0.021591257799859105,1.0
4.5,0.2536651068232229,-3.2223250197212328,0.1964051397315958,0.7207678362645845,0.4655496055445986,-0.019710686938073,1.0
4.5200000000000005,0.26518804693149955,-3.212985304660058,0.1959127171881979,0.7761538521135929,0.46499959840861055,-0.01783011607628681,1.0
4.54,0.2767109870397757,-3.203645589598883,0.1954202946448,0.8315398679625989,0.46444959127262253,-0.015949545214500704,1.0
4.5600000000000005,0.28823392714805235,-3.1943058745377075,0.19492787210140214,0.8869258838116072,0.46389958413663446,-0.014068974352714515,1.0
4.58,0.2997568672563285,-3.1849661594765326,0.19443544955800424,0.9423118996606132,0.46334957700064644,-0.01218840349092841,1.0
4.6000000000000005,0.31127980736460514,-3.1756264444153572,0.19394302701460636,0.9976979155096215,0.46279956986465837,-0.01030783262914222,1.0
4.62,0.3262276168929199,-3.1663207397915096,0.19356689212140352,1.0341691956103047,0.4572654920917982,-0.009551204825198719,1.0
4.64,0.3468734404381087,-3.1570716189157837,0.19338422698705454,1.039171705313839,0.4434393304853687,-0.010664500370824342,1.0
4.66,0.36751926398329837,-3.147822498040057,0.19320156185270557,1.0441742150173734,0.42961316887893863,-0.011777795916450015,1.0
4.68,0.3881650875284872,-3.138573377164331,0.1930188967183566,1.0491767247209074,0.41578700727250917,-0.012891091462075639,1.0
4.7,0.4088109110736769,-3.1293242562886046,0.1928362315840076,1.0541792344244418,0.4019608456660791,-0.014004387007701312,1.0
4.72,0.4294567346188657,-3.120075135412878,0.19265356644965861,1.059181744127976,0.3881346840596496,-0.015117682553326935,1.0
4.74,0.4501025581640554,-3.110826014537152,0.1924709013153096,1.0641842538315103,0.37430852245321955,-0.016230978098952607,1.0
4.76,0.4707483817092442,-3.1015768936614254,0.19228823618096064,1.0691867635350445,0.3604823608467901,-0.01734427364457823,1.0
4.78,0.49150930545463895,-3.092645891902558,0.19207995579591092,1.0734869334938424,0.3485801955863668,-0.018320072304955737,1.0
4.8,0.5129791152031645,-3.085674141203796,0.1917139146714697,1.073461491389412,0.34852765419568044,-0.01844904691765109,1.0
4.82,0.534448924951691,-3.078702390505033,0.19134787354702845,1.0734360492849817,0.3484751128049941,-0.01857802153034645,1.0
4.84,0.5559187347002167,-3.0717306398062707,0.1909818324225872,1.0734106071805514,0.3484225714143077,-0.018706996143041804,1.0
4.86,0.5773885444487432,-3.064758889107508,0.19061579129814596,1.0733851650761208,0.3483700300236213,-0.018835970755737164,1.0
4.88,0.5988583541972688,-3.0577871384087456,0.1902497501737047,1.0733597229716905,0.34831748863293494,-0.01896494536843252,1.0
4.9,0.6203281639457954,-3.050815387709983,0.18988370904926347,1.0733342808672601,0.34826494724224855,-0.01909391998112788,1.0
4.92,0.6417979736943209,-3.0438436370112205,0.18951766792482225,1.0733088387628298,0.3482124058515622,-0.019222894593823234,1.0
4.94,0.6632677834428475,-3.036871886312458,0.189151626800381,1.0732833966583994,0.3481598644608758,-0.019351869206518595,1.0
4.96,0.6847338049844119,-3.0299079587740203,0.18876638197653814,1.0733112615126263,0.34822018949955763,-0.01919408210056458,1.0
4.98,0.706199424047807,-3.0229448624075017,0.18837909685503545,1.073344789966388,0.34829250603565337,-0.019005827986600863,1.0
5.0,0.7276650431112012,-3.0159817660409836,0.1879918117335328,1.0733783184201497,0.34836482257174906,-0.018817573872637158,1.0
5.0200000000000005,0.7491306621745963,-3.0090186696744654,0.18760452661203011,1.0734118468739116,0.3484371391078448,-0.018629319758673445,1.0
5.04,0.7705962812379905,-3.0020555733079473,0.18721724149052746,1.0734453753276734,0.34850945564394054,-0.01844106564470974,1.0
5.0600000000000005,0.7920619003013856,-2.995092476941429,0.18682995636902477,1.0734789037814352,0.3485817721800362,-0.018252811530746028,1.0
5.08,0.8135275193647797,-2.988129380574911,0.1864426712475221,1.073512432235197,0.34865408871613196,-0.018064557416782322,1.0
5.1000000000000005,0.8349931384281748,-2.981166284208393,0.1860553861260194,1.0735459606889588,0.34872640525222764,-0.017876303302818607,1.0
5.12,0.8564624478787587,-2.974195228154252,0.18568882163110872,1.0729464429015365,0.34760555746745686,-0.0209201575871295,1.0
5.14,0.8779335895667865,-2.967220220201041,0.1853325447038566,1.0720326244819256,0.3458923164640615,-0.02556871883720584,1.0
5.16,0.8994047312548151,-2.96024521224783,0.18497626777660447,1.0711188060623145,0.34417907546066606,-0.03021728008728239,1.0
5.18,0.9208758729428428,-2.953270204294619,0.18461999084935235,1.0702049876427036,0.34246583445727075,-0.034865841337358726,1.0
5.2,0.9423470146308714,-2.9462951963414077,0.18426371392210023,1.0692911692230926,0.3407525934538753,-0.03951440258743527,1.0
5.22,0.9638181563188991,-2.9393201883881965,0.18390743699484813,1.0683773508034817,0.33903935245047995,-0.044162963837511615,1.0
5.24,0.9852892980069278,-2.9323451804349854,0.18355116006759598,1.0674635323838708,0.3373261114470845,-0.04881152508758817,1.0
5.26,1.0067604396949554,-2.9253701724817747,0.18319488314034388,1.0665497139642597,0.33561287044368915,-0.053460086337664504,1.0
5.28,1.0281664814532803,-2.9185172148905316,0.1825074452251867,1.0608871332315943,0.3433321322907621,-0.05986260106554607,1.0
5.3,1.0494871039390001,-2.911824402681747,0.1813854825596896,1.048993580754469,0.36342802090208337,-0.06856652273713909,1.0
5.32,1.0708077264247207,-2.905131590472962,0.1802635198941924,1.0371000282773433,0.3835239095134056,-0.07727044440873251,1.0
5.34,1.0921283489104405,-2.898438778264177,0.1791415572286953,1.025206475800218,0.4036197981247269,-0.08597436608032555,1.0
5.36,1.1134489713961613,-2.8917459660553924,0.17801959456319813,1.0133129233230922,0.4237156867360491,-0.09467828775191896,1.0
5.38,1.134769593881881,-2.8850531538466075,0.176897631897701,1.001419370845967,0.4438115753473704,-0.10338220942351198,1.0
5.4,1.1560902163676017,-2.8783603416378227,0.17577566923220383,0.9895258183688413,0.46390746395869265,-0.1120861310951054,1.0
5.42,1.1774108388533213,-2.871667529429038,0.17465370656670673,0.977632265891716,0.4840033525700139,-0.12079005276669844,1.0
5.44,1.1983459723506824,-2.8643233774472234,0.1732496359299876,0.9609764411191154,0.5084139985685102,-0.12788043504097038,1.0
5.46,1.2177075535290183,-2.8543204797132034,0.17069401060367667,0.924881190472749,0.5504373305259656,-0.12838440697107997,1.0
5.48,1.237069134707355,-2.8443175819791824,0.16813838527736563,0.8887859398263811,0.5924606624834227,-0.12888837890118957,1.0
5.5,1.2564307158856909,-2.8343146842451623,0.1655827599510547,0.8526906891800147,0.6344839944408779,-0.12939235083129919,1.0
5.5200000000000005,1.2757922970640276,-2.824311786511142,0.16302713462474366,0.8165954385336468,0.676507326398335,-0.12989632276140878,1.0
5.54,1.2951538782423635,-2.8143088887771213,0.16047150929843274,0.7805001878872804,0.7185306583557903,-0.13040029469151837,1.0
5.5600000000000005,1.3145154594207,-2.8043059910431007,0.1579158839721217,0.7444049372409125,0.7605539903132474,-0.130904266621628,1.0
5.58,1.333877040599036,-2.7943030933090807,0.15536025864581077,0.7083096865945462,0.8025773222707027,-0.13140823855173758,1.0
5.6000000000000005,1.3532386217773726,-2.7843001955750597,0.15280463331949973,0.6722144359481781,0.8446006542281599,-0.1319122104818472,1.0
5.62,1.3668863864325982,-2.767645076172125,0.15016923009748565,0.6176910522357074,0.8498756820767323,-0.1315368761715897,1.0
5.64,1.380302554148253,-2.7507203236485545,0.14753059325457815,0.562420724829324,0.85366119853977,-0.13112590112393882,1.0
5.66,1.3937187218639084,-2.7337955711249826,0.14489195641167055,0.5071503974229383,0.8574467150028078,-0.13071492607628787,1.0
5.68,1.4071348895795632,-2.716870818601412,0.14225331956876305,0.45188007001655495,0.8612322314658455,-0.13030395102863696,1.0
5.7,1.4205510572952185,-2.6999460660778407,0.13961468272585545,0.3966097426101692,0.8650177479288834,-0.129892975980986,1.0
5.72,1.4339672250108735,-2.6830213135542698,0.13697604588294796,0.34133941520378586,0.868803264391921,-0.12948200093333512,1.0
5.74,1.4473833927265287,-2.6660965610306984,0.13433740904004035,0.2860690877974001,0.872588780854959,-0.12907102588568417,1.0
5.76,1.4607995604421835,-2.649171808507128,0.13169877219713286,0.23079876039101677,0.8763742973179967,-0.12866005083803325,1.0
5.78,1.4676125585661957,-2.6317947987169474,0.1291092347184758,0.18002531090072793,0.8725033627882788,-0.17138062512328023,1.0
5.8,1.471924898416292,-2.614246516500702,0.12653829145124307,0.1309548549216039,0.865732886264654,-0.2304353650253822,1.0
5.82,1.4762372382663886,-2.5966982342844553,0.12396734818401026,0.08188439894247773,0.8589624097410288,-0.28949010492748684,1.0
5.84,1.480549578116485,-2.5791499520682097,0.12139640491677754,0.03281394296335374,0.8521919332174039,-0.3485448448295888,1.0
5.86,1.4848619179665814,-2.5616016698519637,0.11882546164954472,-0.01625651301577244,0.8454214566937788,-0.40759958473169344,1.0
5.88,1.4891742578166778,-2.544053387635718,0.116254518382312,-0.06532696899489643,0.8386509801701539,-0.4666543246337954,1.0
5.9,1.4934865976667744,-2.5265051054194716,0.11368357511507918,-0.11439742497402261,0.8318805036465288,-0.5257090645359,1.0
5.92,1.4977989375168708,-2.5089568232032264,0.11111263184784646,-0.16346788095314663,0.8251100271229039,-0.584763804438002,1.0
5.94,1.4981541101161793,-2.49195452955458,0.10377936310224788,-0.2116691201667675,0.8080055706572541,-0.6228576177919944,1.0
5.96,1.4943838312179956,-2.475521443425119,0.09148124411627749,-0.25896417791783005,0.7801276668427755,-0.639099110954185,1.0
5.98,1.4906135523198116,-2.459088357295657,0.07918312513030656,-0.3062592356688947,0.7522497630282956,-0.6553406041163763,0.0
6.0,1.486843273421628,-2.4426552711661955,0.06688500614433618,-0.3535542934199572,0.7243718592138171,-0.6715820972785668,0.0
6.0200000000000005,1.483072994523444,-2.4262221850367336,0.054586887158365245,-0.40084935117102183,0.6964939553993372,-0.687823590440758,0.0
6.04,1.4793027156252603,-2.4097890989072726,0.04228876817239487,-0.44814440892208435,0.6686160515848587,-0.7040650836029486,0.0
6.0600000000000005,1.4755324367270763,-2.3933560127778106,0.029990649186423926,-0.495439466673149,0.6407381477703789,-0.7203065767651399,0.0
6.08,1.4717621578288926,-2.3769229266483496,0.01769253020045354,-0.5427345244242116,0.6128602439559003,-0.7365480699273304,0.0
6.1000000000000005,1.4645810689993042,-2.3625003303188503,0.00422311237666289,-0.5857678186885856,0.5795257964302287,-0.7399540021439623,0.0
6.12,1.453204646170246,-2.350550658714858,-0.010687015992912895,-0.623559096653899,0.5394797396939769,-0.727572052209388,0.0
6.140000000000001,1.4418282233411872,-2.338600987110865,-0.02559714436248934,-0.661350374619214,0.49943368295772317,-0.715190102274813,0.0
6.16,1.430451800512129,-2.3266513155068727,-0.04050727273206513,-0.6991416525845273,0.45938762622147133,-0.7028081523402387,0.0
6.18,1.4190753776830707,-2.3147016439028802,-0.05541740110164091,-0.7369329305498407,0.4193415694852194,-0.6904262024056643,0.0
6.2,1.407698954854012,-2.3027519722988874,-0.07032752947121736,-0.7747242085151556,0.3792955127489658,-0.6780442524710895,0.0
6.22,1.3963225320249537,-2.290802300694895,-0.08523765784079315,-0.8125154864804689,0.33924945601271383,-0.6656623025365151,0.0
6.24,1.3849461091958948,-2.278852629090902,-0.1001477862103696,-0.850306764445784,0.29920339927646017,-0.6532803526019402,0.0
6.26,1.371094434757887,-2.269525892505394,-0.11424692211957865,-0.8855145958060388,0.26849792203874834,-0.6132493518792819,0.0
6.28,1.3536402965563503,-2.2640165570778183,-0.12716574531213248,-0.9169624971672258,0.25138665843660496,-0.5329781173153829,0.0
6.3,1.3361861583548142,-2.258507221650243,-0.14008456850468573,-0.9484103985284114,0.2342753948344623,-0.4527068827514876,0.0
6.32,1.3187320201532775,-2.2529978862226674,-0.15300339169723956,-0.9798582998895984,0.21716413123231892,-0.3724356481875887,0.0
6.34,1.3012778819517414,-2.247488550795092,-0.16592221488979284,-1.011306201250784,0.2000528676301763,-0.2921644136236933,0.0
6.36,1.2838237437502047,-2.2419792153675164,-0.17884103808234664,-1.042754102611971,0.1829416040280329,-0.21189317905979438,0.0
6.38,1.2663696055486686,-2.236469879939941,-0.1917598612748999,-1.0742020039731566,0.16583034042589026,-0.13162194449589903,0.0
6.4,1.2489154673471319,-2.2309605445123655,-0.20467868446745374,-1.1056499053343436,0.14871907682374688,-0.05135070993200008,0.0
6.42,1.229609732128163,-2.226458690133727,-0.21287127881576332,-1.119901903730415,0.14144474512801952,-0.018455072581390487,0.0
6.44,1.2070980408660896,-2.2237012433809067,-0.21288062282307885,-1.104379978044422,0.15120261374048338,-0.06758812762526951,0.0
6.46,1.1845863496040174,-2.2209437966280863,-0.2128899668303944,-1.0888580523584293,0.16096048235294683,-0.11672118266914636,0.0
6.48,1.1620746583419443,-2.2181863498752654,-0.21289931083770994,-1.0733361266724362,0.17071835096541071,-0.1658542377130254,0.0
6.5,1.1395629670798721,-2.215428903122445,-0.21290865484502547,-1.0578142009864435,0.18047621957787413,-0.21498729275690223,0.0
6.5200000000000005,1.1170512758177988,-2.2126714563696246,-0.21291799885234103,-1.0422922753004504,0.19023408819033802,-0.2641203478007813,0.0
6.54,1.0945395845557266,-2.209914009616804,-0.21292734285965656,-1.0267703496144578,0.19999195680280146,-0.31325340284465814,0.0
6.5600000000000005,1.0720278932936533,-2.2071565628639838,-0.2129366868669721,-1.0112484239284647,0.20974982541526532,-0.3623864578885372,0.0
6.58,1.050327354831394,-2.2038891843794097,-0.21551365141109824,-0.9968697343526555,0.21796486886108912,-0.40649268784607673,0.0
6.6000000000000005,1.0303119497875008,-2.199562445682479,-0.22342473200988494,-0.9848660663200097,0.2229747624909949,-0.44015591502630436,0.0
6.62,1.0102965447436085,-2.195235706985549,-0.23133581260867125,-0.9728623982873645,0.2279846561209005,-0.47381914220653043,0.0
6.640000000000001,0.9902811396997153,-2.1909089682886185,-0.23924689320745796,-0.9608587302547188,0.23299454975080627,-0.5074823693867581,0.0
6.66,0.970265734655823,-2.1865822295916884,-0.24715797380624427,-0.9488550622220736,0.23800444338071183,-0.5411455965669841,0.0
6.68,0.9502503296119307,-2.182255490894758,-0.25506905440503064,-0.9368513941894283,0.24301433701061742,-0.5748088237472102,0.0
6.7,0.9302349245680374,-2.1779287521978272,-0.2629801350038173,-0.9248477261567827,0.2480242306405232,-0.608472050927438,0.0
6.72,0.910219519524145,-2.173602013500897,-0.27089121560260365,-0.9128440581241375,0.25303412427042876,-0.642135278107664,0.0
6.74,0.890751947411086,-2.1690466293013606,-0.2803386452871304,-0.8984797551845922,0.2581200804391436,-0.680726469036596,0.0
6.76,0.8726670110270544,-2.163914183330998,-0.2936635547992512,-0.8781576173253819,0.2633980053229145,-0.7317549896089475,0.0
6.78,0.8545820746430219,-2.158781737360635,-0.30698846431137267,-0.8578354794661707,0.26867593020668573,-0.7827835101813014,0.0
6.8,0.8364971382589903,-2.1536492913902725,-0.3203133738234935,-0.8375133416069603,0.2739538550904567,-0.833812030753653,0.0
6.82,0.818412201874958,-2.1485168454199095,-0.33363828333561496,-0.8171912037477492,0.27923177997422793,-0.8848405513260068,0.0
6.84,0.8003272654909264,-2.143384399449547,-0.3469631928477358,-0.7968690658885389,0.28450970485799887,-0.9358690718983584,0.0
6.86,0.782242329106894,-2.138251953479184,-0.36028810235985725,-0.7765469280293277,0.2897876297417701,-0.9868975924707123,0.0
6.88,0.7641573927228623,-2.1331195075088214,-0.3736130118719781,-0.7562247901701173,0.29506555462554107,-1.037926113043064,0.0
6.9,0.7468654072958377,-2.127781121808269,-0.3889290068940424,-0.7332081686187224,0.2992076596009592,-1.0935831722217744,0.0
6.92,0.7320487427543699,-2.121799862912598,-0.41046048788548806,-0.7017802932563468,0.2998041244374382,-1.1636889412237879,0.0
6.94,0.7172320782129015,-2.1158186040169267,-0.4319919688769346,-0.6703524178939699,0.3004005892739172,-1.2337947102258042,0.0
6.96,0.7024154136714338,-2.1098373451212558,-0.4535234498683802,-0.6389245425315945,0.30099705411039623,-1.3039004792278175,0.0
6.98,0.6875987491299653,-2.1038560862255844,-0.47505493085982675,-0.6074966671692176,0.3015935189468753,-1.374006248229834,0.0
7.0,0.6727820845884975,-2.0978748273299135,-0.49658641185127234,-0.5760687918068421,0.3021899837833543,-1.4441120172318473,0.0
7.0200000000000005,0.6579654200470292,-2.091893568434242,-0.5181178928427189,-0.5446409164444652,0.3027864486198334,-1.5142177862338637,0.0
7.04,0.6431487555055614,-2.085912309538571,-0.5396493738341646,-0.5132130410820898,0.3033829134563124,-1.5843235552358772,0.0
7.0600000000000005,0.6293503336920501,-2.0799117255700077,-0.5634522361598903,-0.4801646876754213,0.3008347128440199,-1.657111733712775,0.0
7.08,0.6195880015653162,-2.073834541273002,-0.5962583533346959,-0.44069311655981497,0.28582175168134905,-1.7405323919707931,0.0
7.1000000000000005,0.609825669438582,-2.0677573569759966,-0.629064470509503,-0.40122154544420685,0.27080879051867757,-1.823953050228815,0.0
7.12,0.6000633373118481,-2.061680172678991,-0.6618705876843085,-0.36174997432860045,0.2557958293560067,-1.9073737084868332,0.0
7.140000000000001,0.5903010051851139,-2.0556029883819855,-0.6946767048591156,-0.3222784032129924,0.24078286819333522,-1.990794366744855,0.0
7.16,0.5805386730583799,-2.04952580408498,-0.7274828220339212,-0.282806832097386,0.22576990703066438,-2.0742150250028732,0.0
7.18,0.5707763409316461,-2.0434486197879744,-0.7602889392087269,-0.24333526098177966,0.21075694586799354,-2.1576356832608914,0.0
7.2,0.5610140088049118,-2.037371435490969,-0.7930950563835338,-0.20386368986617154,0.19574398470532203,-2.241056341518913,0.0
7.22,0.552269239090321,-2.031681279744951,-0.8280517270792762,-0.1704596816708732,0.17983579170395783,-2.311947136215067,0.0
7.24,0.5488548525071392,-2.0280185283477383,-0.8742738239291288,-0.16883990081457126,0.15923803014667354,-2.317201688286696,0.0
7.26,0.5454404659239573,-2.0243557769505256,-0.9204959207789792,-0.1672201199582694,0.13864026858939013,-2.3224562403583247,0.0
7.28,0.5420260793407755,-2.0206930255533124,-0.9667180176288318,-0.16560033910196748,0.11804250703210582,-2.327710792429954,0.0
7.3,0.5386116927575938,-2.0170302741561,-1.0129401144786823,-0.16398055824566563,0.09744474547482242,-2.3329653445015825,0.0
7.32,0.5351973061744119,-2.013367522758887,-1.0591622113285348,-0.16236077738936372,0.07684698391753811,-2.3382198965732113,0.0
7.34,0.5317829195912301,-2.0097047713616742,-1.1053843081783852,-0.16074099653306187,0.0562492223602547,-2.34347444864484,0.0
7.36,0.5283685330080483,-2.0060420199644615,-1.1516064050282377,-0.15912121567675994,0.03565146080297038,-2.348729000716469,0.0
7.38,0.5249851812734665,-2.002773919738077,-1.1979291786007258,-0.15350292742168767,0.0218419315791799,-2.348101838855198,0.0
7.4,0.5218312930788145,-2.002423766876704,-1.2449963294847581,-0.11832072300306981,0.05822281382437006,-2.303986825086068,0.0
7.42,0.5186774048841627,-2.002073614015331,-1.2920634803687885,-0.08313851858445352,0.0946036960695586,-2.2598718113169394,0.0
7.44,0.5155235166895107,-2.0017234611539574,-1.339130631252821,-0.047956314165835665,0.13098457831474875,-2.2157567975478094,0.0
7.46,0.5123696284948588,-2.0013733082925844,-1.3861977821368514,-0.012774109747219375,0.16736546055993728,-2.1716417837786812,0.0
7.48,0.5092157403002069,-2.001023155431211,-1.4332649330208838,0.022408094671398482,0.20374634280512746,-2.127526770009551,0.0
7.5,0.506061852105555,-2.0006730025698376,-1.480332083904914,0.057590299090014785,0.240127225050316,-2.0834117562404226,0.0
7.5200000000000005,0.502907963910903,-2.0003228497084646,-1.5273992347889465,0.09277250350863261,0.2765081072955061,-2.0392967424712927,0.0
7.54,0.5001952670250339,-1.9995164738980842,-1.5739131752933715,0.1266058180876187,0.31304171856225405,-1.9922468195316017,0.0
7.5600000000000005,0.5026994945688585,-1.9933154300589344,-1.6138856071899215,0.14448900804436923,0.35138129415294883,-1.9104926786119927,0.0
7.58,0.5052037221126832,-1.9871143862197849,-1.6538580390864697,0.16237219800111896,0.38972086974364195,-1.8287385376923873,0.0
7.6000000000000005,0.5077079496565078,-1.980913342380635,-1.6938304709830196,0.18025538795786952,0.42806044533433674,-1.7469843967727783,0.0
7.62,0.5102121772003323,-1.9747122985414856,-1.7338029028795678,0.19813857791461925,0.46640002092502986,-1.6652302558531729,0.0
7.640000000000001,0.512716404744157,-1.9685112547023356,-1.7737753347761178,0.21602176787136979,0.5047395965157246,-1.5834761149335639,0.0
7.66,0.5152206322879815,-1.962310210863186,-1.813747766672666,0.23390495782811954,0.5430791721064178,-1.5017219740139585,0.0
7.68,0.517724859831806,-1.9561091670240365,-1.8537201985692144,0.25178814778486924,0.5814187476971109,-1.419967833094353,0.0
7.7,0.5202290873756308,-1.9499081231848867,-1.8936926304657642,0.2696713377416198,0.6197583232878057,-1.3382136921747438,0.0
7.72,0.5248990618484498,-1.9390639581634808,-1.9237642124548051,0.29685705092891346,0.64542375918778,-1.2515103235713274,0.0
7.74,0.5303908765252232,-1.926457858906674,-1.9500786996520372,0.3275728107189419,0.6662797146221878,-1.1629288619023581,0.0
7.76,0.5358826912019964,-1.9138517596498676,-1.976393186849268,0.3582885705089689,0.6871356700565946,-1.0743474002333928,0.0
7.78,0.5413745058787698,-1.9012456603930608,-2.0027076740464995,0.38900433029899734,0.7079916254910023,-0.9857659385644236,0.0
7.8,0.5468663205555429,-1.8886395611362545,-2.0290221612437302,0.41972009008902433,0.728847580925409,-0.8971844768954583,0.0
7.82,0.5523581352323162,-1.8760334618794476,-2.0553366484409623,0.4504358498790528,0.7497035363598168,-0.8086030152264891,0.0
7.84,0.5578499499090894,-1.8634273626226414,-2.081651135638193,0.4811516096690798,0.7705594917942236,-0.7200215535575237,0.0
7.86,0.5633417645858627,-1.8508212633658345,-2.107965622835425,0.5118673694591083,0.7914154472286312,-0.6314400918885545,0.0
7.88,0.5707417212670238,-1.8369195385123287,-2.1287772017869835,0.5380405121105444,0.805373142832275,-0.5599395407660187,0.0
7.9,0.5813649475627177,-1.8208292183613817,-2.1402931639033973,0.5565401798530889,0.8076781672749063,-0.5172923872555275,0.0
7.92,0.5919881738584111,-1.8047388982104353,-2.1518091260198107,0.5750398475956325,0.8099831917175373,-0.4746452337450383,0.0
7.94,0.602611400154105,-1.7886485780594883,-2.163325088136225,0.5935395153381771,0.8122882161601684,-0.43199808023454717,0.0
7.96,0.6132346264497984,-1.772558257908542,-2.1748410502526383,0.6120391830807208,0.8145932406027996,-0.3893509267240579,0.0
7.98,0.6238578527454923,-1.756467937757595,-2.1863570123690526,0.6305388508232653,0.8168982650454307,-0.3467037732135668,0.0
8.0,0.6344810790411858,-1.7403776176066486,-2.197872974485466,0.649038518565809,0.8192032894880618,-0.30405661970307757,0.0
8.02,0.6451043053368792,-1.7242872974557022,-2.2093889366018793,0.6675381863083527,0.8215083139306929,-0.2614094661925883,0.0
8.040000000000001,0.6557856199397041,-1.7081897396089412,-2.220770988153746,0.6856941075793094,0.823777265255348,-0.21955480868982585,0.0
8.06,0.669499422885599,-1.691714339313871,-2.225162265726017,0.6859048137190628,0.8241630267408693,-0.21907224522956018,0.0
8.08,0.683213225831494,-1.6752389390188007,-2.2295535432982874,0.6861155198588162,0.8245487882263904,-0.2185896817692945,0.0
8.1,0.696927028777389,-1.6587635387237305,-2.2339448208705583,0.6863262259985696,0.8249345497119116,-0.2181071183090288,0.0
8.120000000000001,0.7106408317232852,-1.642288138428659,-2.2383360984428298,0.686536932138323,0.8253203111974329,-0.21762455484876306,0.0
8.14,0.7243546346691803,-1.6258127381335887,-2.2427273760151007,0.6867476382780765,0.825706072682954,-0.21714199138849738,0.0
8.16,0.7380684376150752,-1.6093373378385185,-2.2471186535873717,0.6869583444178299,0.8260918341684752,-0.2166594279282317,0.0
8.18,0.7517822405609702,-1.5928619375434483,-2.2515099311596427,0.6871690505575834,0.8264775956539965,-0.21617686446796602,0.0
8.2,0.7654960435068652,-1.576386537248378,-2.2559012087319137,0.6873797566973368,0.8268633571395176,-0.21569430100770032,0.0
8.22,0.7792332808852187,-1.5598682331181941,-2.260238816293291,0.6900312001044749,0.8261466076930688,-0.21193887869012432,0.0
8.24,0.7929822846511844,-1.543328387047325,-2.264549476235922,0.6939081334313227,0.8248762894329856,-0.2065401596556657,0.0
8.26,0.8067312884171501,-1.5267885409764554,-2.2688601361785525,0.6977850667581706,0.8236059711729025,-0.2011414406212071,0.0
8.28,0.8204802921831158,-1.510248694905586,-2.273170796121183,0.7016620000850184,0.8223356529128193,-0.19574272158674846,0.0
8.3,0.8342292959490828,-1.4937088488347152,-2.277481456063814,0.7055389334118667,0.821065334652736,-0.19034400255228937,0.0
8.32,0.8479782997150485,-1.4771690027638458,-2.2817921160064447,0.7094158667387145,0.8197950163926528,-0.18494528351783074,0.0
8.34,0.8617273034810142,-1.4606291566929763,-2.2861027759490753,0.7132928000655624,0.8185246981325697,-0.17954656448337214,0.0
8.36,0.8754763072469799,-1.4440893106221069,-2.290413435891706,0.7171697333924103,0.8172543798724865,-0.1741478454489135,0.0
8.38,0.8894278263006853,-1.4276158208298386,-2.2944420886274783,0.7207507121946026,0.8156659830672577,-0.17012564452463427,0.0
8.4,0.903824515191654,-1.4112881956489645,-2.297850832102143,0.7236811226913098,0.8133783848547619,-0.16912931068399095,0.0
8.42,0.9182212040826228,-1.3949605704680903,-2.301259575576808,0.7266115331880169,0.811090786642266,-0.1681329768433476,0.0
8.44,0.9326178929735914,-1.378632945287216,-2.3046683190514727,0.729541943684724,0.8088031884297702,-0.16713664300270425,0.0
8.46,0.9470145818645614,-1.3623053201063404,-2.308077062526138,0.7324723541814314,0.806515590217274,-0.16614030916206085,0.0
8.48,0.9614112707555302,-1.345977694925466,-2.311485806000803,0.7354027646781386,0.8042279920047782,-0.1651439753214175,0.0
8.5,0.9758079596464989,-1.3296500697445919,-2.3148945494754676,0.7383331751748456,0.8019403937922824,-0.16414764148077415,0.0
8.52,0.9902046485374676,-1.3133224445637177,-2.3183032929501324,0.7412635856715528,0.7996527955797865,-0.16315130764013083,0.0
8.540000000000001,1.0046013374284377,-1.296994819382842,-2.3217120364247976,0.7441939961682602,0.7973651973672905,-0.1621549737994874,0.0
8.56,1.0194678137256221,-1.2810339294535373,-2.3249610530996687,0.7457099563428572,0.7938607961651409,-0.1675012611344484,0.0
8.58,1.034354060503936,-1.265088473169909,-2.3282033478496023,0.7471663909468836,0.7903051871608516,-0.1731144706359138,0.0
8.6,1.04924030728225,-1.2491430168862805,-2.331445642599536,0.7486228255509101,0.7867495781565623,-0.1787276801373792,0.0
8.620000000000001,1.0641265540605653,-1.2331975606026508,-2.3346879373494698,0.7500792601549368,0.7831939691522727,-0.18434088963884507,0.0
8.64,1.0790128008388793,-1.2172521043190223,-2.3379302320994033,0.7515356947589632,0.7796383601479834,-0.18995409914031047,0.0
8.66,1.0938990476171933,-1.201306648035394,-2.341172526849337,0.7529921293629896,0.7760827511436941,-0.19556730864177585,0.0
8.68,1.1087852943955072,-1.1853611917517655,-2.344414821599271,0.7544485639670162,0.7725271421394048,-0.20118051814324125,0.0
8.700000000000001,1.1236715411738225,-1.1694157354681356,-2.3476571163492044,0.7559049985710428,0.7689715331351152,-0.20679372764470716,0.0
8.72,1.1387053712831607,-1.1538305759113374,-2.3514682084578893,0.7440443114894661,0.7520457876036158,-0.27064860836843424,0.0
8.74,1.1538349317708017,-1.1384791239265337,-2.355648252710103,0.7235454327638009,0.7264474621891431,-0.3722821269665749,0.0
8.76,1.1689644922584423,-1.12312767194173,-2.3598282969623163,0.7030465540381355,0.7008491367746703,-0.4739156455647156,0.0
8.78,1.1840940527460833,-1.1077762199569263,-2.36400834121453,0.6825476753124703,0.6752508113601976,-0.5755491641628563,0.0
8.8,1.1992236132337255,-1.0924247679721213,-2.3681883854667443,0.6620487965868032,0.6496524859457226,-0.6771826827610059,0.0
8.82,1.2143531737213662,-1.0770733159873176,-2.372368429718958,0.6415499178611379,0.6240541605312498,-0.7788162013591466,0.0
8.84,1.229482734209007,-1.061721864002514,-2.3765484739711717,0.6210510391354727,0.5984558351167771,-0.8804497199572874,0.0
8.86,1.2446122946966478,-1.0463704120177102,-2.3807285182233855,0.6005521604098074,0.5728575097023043,-0.9820832385554281,0.0
8.88,1.2588737415302138,-1.0321030318063513,-2.389212673270518,0.5759031730813798,0.5446456175285896,-1.0457855804149452,0.0
8.9,1.270578734786349,-1.0210280667245146,-2.410371734866642,0.5390327906229172,0.5087371961502795,-0.9977867734510814,0.0
8.92,1.2822837280424844,-1.009953101642678,-2.4315307964627655,0.5021624081644546,0.4728287747719693,-0.9497879664872175,0.0
8.94,1.2939887212986196,-0.9988781365608412,-2.452689858058889,0.46529202570599193,0.4369203533936591,-0.9017891595233536,0.0
8.96,1.305693714554756,-0.9878031714790035,-2.473848919655015,0.4284216432475261,0.40101193201534574,-0.8537903525594855,0.0
8.98,1.3173987078108913,-0.9767282063971668,-2.4950079812511388,0.39155126078906344,0.3651035106370355,-0.8057915455956217,0.0
9.0,1.3291037010670266,-0.9656532413153301,-2.5161670428472624,0.3546808783306008,0.3291950892587253,-0.7577927386317579,0.0
9.02,1.340808694323162,-0.9545782762334935,-2.537326104443386,0.3178104958721381,0.29328666788041513,-0.7097939316678941,0.0
9.040000000000001,1.3525136875792985,-0.9435033111516558,-2.558485166039512,0.2809401134136722,0.2573782465021018,-0.6617951247040259,0.0
9.06,1.3586723461032668,-0.937829975003074,-2.572423867215828,0.24738032807520544,0.22644381533782365,-0.5861917050829327,0.0
9.08,1.3642177291060749,-0.9327539138043694,-2.5855641906321902,0.2141866057805616,0.196059373777142,-0.5075359573872983,0.0
9.1,1.369763112108883,-0.9276778526056648,-2.5987045140485523,0.18099288348591772,0.16567493221646035,-0.4288802096916638,0.0
9.120000000000001,1.3753084951116914,-0.9226017914069599,-2.6118448374649152,0.14779916119127093,0.13529049065577603,-0.35022446199602236,0.0
9.14,1.3808538781144994,-0.9175257302082552,-2.6249851608812773,0.11460543889662705,0.10490604909509438,-0.27156871430038787,0.0
9.16,1.3863992611173075,-0.9124496690095507,-2.6381254842976394,0.08141171660198321,0.07452160753441273,-0.19291296660475338,0.0
9.18,1.3919446441201153,-0.9073736078108461,-2.6512658077140014,0.04821799430733936,0.044137165973731074,-0.11425721890911889,0.0
9.200000000000001,1.3974900271229238,-0.9022975466121411,-2.6644061311303644,0.015024272012692574,0.01375272441304673,-0.035601471213477454,0.0
9.22,1.4,-0.9,-2.670353755551324,-0.029580068800835257,-0.006647653816515024,0.0014532390426322136,0.0
9.24,1.4,-0.9,-2.670353755551324,-0.08361982091192317,-0.018792235588233373,0.00410815773639069,0.0
9.26,1.4,-0.9,-2.670353755551324,-0.1376595730230111,-0.030936817359951727,0.006763076430149166,0.0
9.28,1.4,-0.9,-2.670353755551324,-0.191699325134099,-0.04308139913167008,0.009417995123907641,0.0
9.3,1.4,-0.9,-2.670353755551324,-0.24573907724519173,-0.0552259809033895,0.012072913817666354,0.0
9.32,1.4,-0.9,-2.670353755551324,-0.29977882935627964,-0.06737056267510787,0.01472783251142483,0.0
9.34,1.3994546315068535,-0.9001225629652616,-2.670326962145528,-0.3538185688342336,-0.07951514202200786,0.017382745104701593,0.0
9.36,1.392462559866681,-0.9016939207615229,-2.6699834486951435,-0.4078581589781767,-0.09165969270556505,0.020037585585278146,0.0
9.38,1.3854704882265083,-0.9032652785577844,-2.669639935244759,-0.4618977491221245,-0.10380424338912334,0.022692426065854934,0.0
9.4,1.378478416586336,-0.9048366363540457,-2.669296421794375,-0.5159373392660676,-0.11594879407268052,0.025347266546431484,0.0
9.42,1.3714863449461636,-0.9064079941503069,-2.6689529083439907,-0.5699769294100105,-0.1280933447562377,0.028002107027008036,0.0
9.44,1.3644942733059913,-0.9079793519465683,-2.6686093948936063,-0.6240165195539535,-0.14023789543979492,0.03065694750758459,0.0
9.46,1.3575022016658183,-0.9095507097428297,-2.668265881443222,-0.6780561096979014,-0.15238244612335317,0.033311787988161375,0.0
9.48,1.3462546270649285,-0.9120784251142096,-2.6677133049430397,-0.732095409823377,-0.16452694558895634,0.03596546909826645,0.0
9.5,1.3322705047411174,-0.9152211366843108,-2.667026288162084,-0.7861345234493049,-0.17667141211829396,0.03861840466250936,0.0
9.52,1.3182863824173063,-0.9183638482544121,-2.666339271381128,-0.8401736370752328,-0.18881587864763158,0.04127134022675227,0.0
9.540000000000001,1.3043022600934941,-0.9215065598245137,-2.665652254600172,-0.8942127507011655,-0.20096034517697028,0.04392427579099543,0.0
9.56,1.290318137769683,-0.924649271394615,-2.664965237819216,-0.9482518643270934,-0.2131048117063079,0.04657721135523834,0.0
9.58,1.276334015445872,-0.9277919829647162,-2.66427822103826,-1.0022909779530214,-0.22524927823564556,0.04923014691948126,0.0
9.6,1.261376313327888,-0.9311534917435544,-2.6635434084241147,-1.0500481608258767,-0.23598096919344747,0.05040495803638606,0.0
9.620000000000001,1.2404002019759393,-0.935867546198987,-2.6625131347850624,-1.0589721322067898,-0.23797926038665262,0.04244240016099126,0.0
9.64,1.2194240906239926,-0.9405816006544192,-2.6614828611460104,-1.067896103587702,-0.23997755157985762,0.03447984228559717,0.0
9.66,1.1984479792720457,-0.9452956551098515,-2.6604525875069585,-1.076820074968614,-0.24197584277306264,0.026517284410203082,0.0
9.68,1.177471867920099,-0.9500097095652836,-2.6594223138679065,-1.085744046349526,-0.24397413396626763,0.01855472653480899,0.0
9.700000000000001,1.1564957565681504,-0.9547237640207162,-2.658392040228854,-1.094668017730439,-0.2459724251594728,0.010592168659414196,0.0
9.72,1.1355196452162035,-0.9594378184761484,-2.657361766589802,-1.1035919891113513,-0.24797071635267778,0.0026296107840201033,0.0
9.74,1.1137700745704981,-0.9643250690153697,-2.657021624521991,-1.1065388713212674,-0.2486270418834506,8.854210872611779e-07,0.0
9.76,1.0916393123407695,-0.9692976774914068,-2.6570216068135974,-1.1065400056329746,-0.24862199322078485,8.85423207449787e-07,0.0
9.78,1.0695085501110408,-0.9742702859674439,-2.657021589105204,-1.1065411399446818,-0.24861694455811906,8.854253276383962e-07,0.0
9.8,1.0473777878813102,-0.9792428944434814,-2.6570215713968106,-1.106542274256389,-0.2486118958954533,8.854274478270054e-07,0.0
9.82,1.0252470256515815,-0.9842155029195185,-2.657021553688417,-1.1065434085680963,-0.2486068472327875,8.854295680156147e-07,0.0
9.84,1.003116263421853,-0.9891881113955556,-2.657021535980024,-1.1065445428798037,-0.24860179857012174,8.854316882042239e-07,0.0
9.86,0.9809854717675972,-0.9941605889071408,-2.6570215182715757,-1.107385172028683,-0.23986661795361128,8.870791698091552e-07,0.0
9.88,0.9588545627720434,-0.9991325441490373,-2.657021500562908,-1.111573600531087,-0.1963167740215645,8.952881448765539e-07,0.0
9.9,0.9367236537764916,-1.0041044993909334,-2.6570214828542404,-1.115762029033491,-0.15276693008952158,9.034971199439518e-07,0.0
9.92,0.9145927447809397,-1.0090764546328295,-2.6570214651455726,-1.119950457535895,-0.10921708615747863,9.117060950113498e-07,0.0
9.94,0.8924618357853878,-1.0140484098747256,-2.657021447436905,-1.1241388860382988,-0.06566724222543571,9.199150700787477e-07,0.0
9.96,0.870330926789834,-1.019020365116622,-2.6570214297282373,-1.1283273145407031,-0.022117398293388907,9.281240451461465e-07,0.0
9.98,0.8482000177942822,-1.0239923203585184,-2.65702141201957,-1.132515743043107,0.021432445638653985,9.363330202135444e-07,0.0
10.0,0.8256728989037159,-1.0248446209179247,-2.657021393534363,-1.1260746773532113,0.07293047758787587,-5.450694219631827e-07,0.0
10.02,0.8030000593662111,-1.0241817681380296,-2.6570213747635565,-1.115724227294523,0.12735174571677382,-2.5743308200597934e-06,0.0
10.040000000000001,0.7803272198287042,-1.0235189153581346,-2.6570213559927494,-1.1053737772358334,0.18177301384567665,-4.603592218156585e-06,0.0
10.06,0.7576543802911995,-1.0228560625782392,-2.6570213372219422,-1.0950233271771448,0.23619428197457462,-6.632853616253195e-06,0.0
10.08,0.7349815407536946,-1.0221932097983442,-2.6570213184511355,-1.0846728771184564,0.29061555010347256,-8.662115014349804e-06,0.0
10.1,0.7123087012161898,-1.021530357018449,-2.6570212996803284,-1.0743224270597678,0.34503681823237053,-1.0691376412446415e-05,0.0
10.120000000000001,0.6899863759733573,-1.019024547429399,-2.657021349629734,-1.0548001536792908,0.39349882278123455,-0.0015309956134894826,0.0
10.14,0.668652755908392,-1.0113202595828874,-2.6570215934201067,-1.009406669490865,0.4251513709188388,-0.007333939254109744,0.0
10.16,0.6473191358434267,-1.0036159717363755,-2.65702183721048,-0.9640131853024393,0.45680391905644313,-0.013136882894730004,0.0
10.18,0.6259855157784613,-0.9959116838898638,-2.6570220810008527,-0.9186197011140136,0.48845646719404745,-0.018939826535350267,0.0
10.200000000000001,0.6046518957134941,-0.9882073960433515,-2.657022324791226,-0.8732262169255838,0.5201090153316545,-0.024742770175971044,0.0
10.22,0.5833182756485288,-0.9805031081968398,-2.6570225685815987,-0.827832732737158,0.5517615634692589,-0.030545713816591304,0.0
10.24,0.5619846555835635,-0.972798820350328,-2.6570228123719715,-0.7824392485487324,0.5834141116068632,-0.03634865745721157,0.0
10.26,0.5453047996602335,-0.9618494964342625,-2.6576179770306907,-0.7328003705453989,0.6075224831188328,-0.04097361719639936,0.0
10.28,0.5298445317303787,-0.9500497626331288,-2.658369049536482,-0.6820489240562856,0.6296537911283862,-0.045289868763241,0.0
10.3,0.5143842638005225,-0.938250028831994,-2.6591201220422733,-0.6312974775671678,0.6517850991379414,-0.049606120330083034,0.0
10.32,0.4989239958706677,-0.9264502950308603,-2.6598711945480646,-0.5805460310780546,0.6739164071474947,-0.053922371896924684,0.0
10.34,0.48346372794081294,-0.9146505612297265,-2.660622267053856,-0.5297945845889412,0.696047715157048,-0.058238623463766334,0.0
10.36,0.46800346001095816,-0.9028508274285928,-2.6613733395596473,-0.479043138099828,0.7181790231666012,-0.06255487503060798,0.0
10.38,0.45466403724288823,-0.8901262514650553,-2.662304783303814,-0.42786009569245703,0.7392328154351797,-0.06669338071040551,0.0
10.4,0.4457703751139776,-0.8754630017326231,-2.66361432506591,-0.37577233276142197,0.7580278963392392,-0.07045929168945181,0.0
10.42,0.4368767129850669,-0.860799752000191,-2.664923866828006,-0.32368456983038696,0.7768229772432986,-0.07422520266849811,0.0
10.44,0.4279830508561563,-0.8461365022677589,-2.6662334085901023,-0.2715968068993519,0.795618058147358,-0.07799111364754441,0.0
10.46,0.4190893887272448,-0.8314732525353254,-2.6675429503521983,-0.21950904396831222,0.8144131390514191,-0.08175702462659104,0.0
10.48,0.41019572659833414,-0.8168100028028934,-2.668852492114294,-0.16742128103727716,0.8332082199554784,-0.08552293560563734,0.0
10.5,0.4013020644694235,-0.8021467530704612,-2.67016203387639,-0.1153335181062421,0.8520033008595379,-0.08928884658468363,0.0
10.52,0.39816122231451856,-0.7854076853194845,-2.671887500736465,-0.06233143219124972,0.8680687381950298,-0.09022111662555544,0.0
10.540000000000001,0.3960070687096555,-0.7683125859387795,-2.673684304529332,-0.009172527181723733,0.8836660037353042,-0.09066737787747496,0.0
10.56,0.3938529151047927,-0.751217486558076,-2.6754811083221988,0.04398637782779752,0.8992632692755773,-0.09111363912939444,0.0
10.58,0.3916987614999299,-0.7341223871773725,-2.677277912115066,0.0971452828373188,0.9148605348158503,-0.09155990038131391,0.0
10.6,0.38954460789506706,-0.717027287796669,-2.6790747159079324,0.15030418784684002,0.9304578003561234,-0.09200616163323339,0.0
10.620000000000001,0.387390454290204,-0.6999321884159642,-2.6808715197007995,0.20346309285636605,0.9460550658963978,-0.0924524228851529,0.0
10.64,0.3913490774391295,-0.6810435494166367,-2.6827196393626886,0.25831167540936023,0.9527519067898875,-0.08425765873752021,0.0
10.66,0.39544103468077185,-0.6621157890838412,-2.684568878344834,0.3131971138187544,0.959254608408728,-0.07587441342523862,0.0
10.68,0.3995329919224142,-0.6431880287510456,-2.6864181173269785,0.3680825522281486,0.9657573100275685,-0.06749116811295705,0.0
10.700000000000001,0.4036249491640569,-0.6242602684182484,-2.6882673563091237,0.4229679906375477,0.9722600116464095,-0.05910792280067473,0.0
10.72,0.40771690640569924,-0.6053325080854529,-2.6901165952912685,0.4778534290469419,0.9787627132652499,-0.05072467748839315,0.0
10.74,0.41247768803323837,-0.5863255069641545,-2.691863677507242,0.5318311721804665,0.9814348267937725,-0.04244817118589697,0.0
10.76,0.4230186218311643,-0.5666336865908869,-2.692727894704898,0.5779643795442122,0.9510020139305636,-0.035094130828252315,0.0
10.78,0.4335595556290902,-0.5469418662176193,-2.6935921119025537,0.6240975869079579,0.9205692010673546,-0.027740090470607662,0.0
10.8,0.444100489427017,-0.52725004584435,-2.6944563291002095,0.6702307942717077,0.890136388204143,-0.020386050112962354,0.0
10.82,0.45464142322494294,-0.5075582254710823,-2.6953205462978658,0.7163640016354534,0.8597035753409341,-0.013032009755317701,0.0
10.84,0.46518235702286886,-0.4878664050978147,-2.6961847634955216,0.7624972089991991,0.8292707624777251,-0.005677969397673045,0.0
10.86,0.47696334538392343,-0.46899261474275744,-2.6968513050529164,0.8057042417681104,0.7956895792192824,-6.199172385910017e-06,0.0
10.88,0.49292487854986144,-0.45287661524993206,-2.6968514308770706,0.8390463828102044,0.7514944246961909,-5.7968621458693435e-06,0.0
10.9,0.5088864117157981,-0.43676061575710806,-2.696851556701225,0.8723885238522954,0.7072992701731033,-5.394551905828706e-06,0.0
10.92,0.5248479448817346,-0.42064461626428407,-2.696851682525379,0.9057306648943864,0.6631041156500157,-4.9922416657880685e-06,0.0
10.94,0.5408094780476712,-0.40452861677146007,-2.696851808349533,0.9390728059364775,0.6189089611269282,-4.589931425747431e-06,0.0
10.96,0.5567710112136093,-0.38841261727863463,-2.6968519341736874,0.9724149469785714,0.5747138066038366,-4.187621185706758e-06,0.0
10.98,0.5741187076165044,-0.37413398324996205,-2.6968520432722314,0.9948923249583415,0.5443987586322003,-3.9258283428327235e-06,0.0
11.0,0.5939979044132367,-0.3632108641217765,-2.6968521218253905,0.9975277743413333,0.5394324533372161,-3.920657401899111e-06,0.0
11.02,0.6138771012099691,-0.3522877449935909,-2.696852200378549,1.0001632237243252,0.534466148042232,-3.915486460965498e-06,0.0
11.040000000000001,0.6337562980067032,-0.3413646258654043,-2.696852278931708,1.0027986731073173,0.5294998427472474,-3.910315520031885e-06,0.0
11.06,0.6536354948034355,-0.3304415067372187,-2.6968523574848673,1.0054341224903092,0.5245335374522633,-3.905144579098272e-06,0.0
11.08,0.6735146916001679,-0.3195183876090331,-2.696852436038026,1.008069571873301,0.5195672321572791,-3.899973638164659e-06,0.0
11.1,0.6935421797445099,-0.3088747123243103,-2.6968525143002267,1.0094438687739171,0.5169774111271411,-3.897280916593086e-06,0.0
11.120000000000001,0.7137310388447391,-0.2985351284168832,-2.696852592245806,1.009445776894755,0.516973685264696,-3.897284998535618e-06,0.0
11.14,0.7339198979449665,-0.28819554450945695,-2.6968526701913853,1.0094476850155927,0.5169699594022509,-3.89728908047815e-06,0.0
11.16,0.7541087570451939,-0.27785596060203066,-2.696852748136964,1.0094495931364302,0.5169662335398056,-3.897293162420682e-06,0.0
11.18,0.7742976161454211,-0.26751637669460443,-2.6968528260825435,1.009451501257268,0.5169625076773605,-3.897297244363213e-06,0.0
11.200000000000001,0.7944864752456503,-0.2571767927871773,-2.696852904028123,1.0094534093781058,0.5169587818149154,-3.897301326305746e-06,0.0
11.22,0.8146754697499452,-0.2468374732743954,-2.6968529819739917,1.0185294639881863,0.4931108698413407,-3.936015970663616e-06,0.0
11.24,0.8348645530521996,-0.23649832715156663,-2.6968530599200506,1.033556341989556,0.4536259455465998,-4.000116993848876e-06,0.0
11.26,0.8550536363544541,-0.22615918102873783,-2.696853137866109,1.0485832199909257,0.41414102125185887,-4.064218017034137e-06,0.0
11.28,0.8752427196567084,-0.21582003490590906,-2.696853215812168,1.0636100979922953,0.374656096957118,-4.128319040219397e-06,0.0
11.3,0.8954318029589646,-0.20548088878307935,-2.696853293758227,1.0786369759936663,0.3351711726623735,-4.192420063404663e-06,0.0
11.32,0.9156208862612191,-0.19514174266025058,-2.696853371704286,1.093663853995036,0.2956862483676326,-4.256521086589923e-06,0.0
11.34,0.9370971124477394,-0.1881847188476665,-2.696853455140985,1.102169240974287,0.24484663767719672,2.5667250126901565e-07,0.0
11.36,0.9590518368153366,-0.1824850063976465,-2.6968535406188407,1.1082502494092932,0.1897858974964361,6.471485367306236e-06,0.0
11.38,0.9810065611829357,-0.176785293947626,-2.696853626096697,1.1143312578442996,0.1347251573156706,1.268629823334401e-05,0.0
11.4,1.0029612855505328,-0.171085581497606,-2.696853711574553,1.1204122662793057,0.07966441713491001,1.8901111099381228e-05,0.0
11.42,1.02491600991813,-0.165385869047586,-2.6968537970524094,1.126493274714312,0.02460367695414939,2.511592396541845e-05,0.0
11.44,1.046870734285727,-0.15968615659756602,-2.6968538825302653,1.132574283149318,-0.03045706322661118,3.133073683145567e-05,0.0
11.46,1.069435688363901,-0.15951179407982463,-2.696853344351125,1.113126937586797,-0.07820773817288314,0.03280935415055179,0.0
11.48,1.0921049243027345,-0.1602816559447393,-2.6968526995955413,1.0893170639330298,-0.12470919960004105,0.07118773611602171,0.0
11.5,1.1147741602415682,-0.161051517809654,-2.696852054839958,1.065507190279263,-0.17121066102719895,0.10956611808149162,0.0
11.52,1.1374433961804018,-0.1618213796745687,-2.6968514100843746,1.0416973166254961,-0.21771212245435684,0.14794450004696155,0.0
11.540000000000001,1.1601126321192374,-0.16259124153948343,-2.696850765328791,1.0178874429717268,-0.2642135838815189,0.18632288201243488,0.0
11.56,1.182781868058071,-0.16336110340439813,-2.696850120573208,0.99407756931796,-0.3107150453086768,0.2247012639779048,0.0
11.58,1.2027119178520809,-0.1694806853353491,-2.692434268342386,0.9582729316237915,-0.3491765564716446,0.26350644566228265,0.0
11.6,1.222583520731015,-0.17571441600167145,-2.6879242073784946,0.9222123577069068,-0.38746651657329,0.30232073411254146,0.0
11.620000000000001,1.2424551236099508,-0.18194814666799436,-2.6834141464146026,0.886151783790019,-0.4257564766749389,0.34113502256280376,0.0
11.64,1.2623267264888849,-0.1881818773343167,-2.678904085450711,0.8500912098731344,-0.4640464367765843,0.3799493110130626,0.0
11.66,1.282198329367819,-0.1944156080006391,-2.674394024486819,0.8140306359562497,-0.5023363968782297,0.4187635994633214,0.0
11.68,1.3016285757479316,-0.20111798131168004,-2.66940890346165,0.7772737834607458,-0.5365067324415234,0.4616665105453336,0.0
11.700000000000001,1.3172631022267207,-0.21185073871793147,-2.6603382077735267,0.734528849981299,-0.5352477928316667,0.5397320766098654,0.0
11.72,1.3328976287055085,-0.22258349612418196,-2.6512675120854037,0.6917839165018559,-0.5339888532218101,0.6177976426743903,0.0
11.74,1.3485321551842966,-0.23331625353043245,-2.6421968163972807,0.6490389830224128,-0.5327299136119535,0.6958632087389153,0.0
11.76,1.3641666816630844,-0.24404901093668294,-2.6331261207091576,0.6062940495429698,-0.531470974002097,0.7739287748034401,0.0
11.78,1.3798012081418722,-0.2547817683429334,-2.624055425021035,0.5635491160635268,-0.5302120343922404,0.8519943408679651,0.0
11.8,1.3954357346206616,-0.2655145257491849,-2.614984729332911,0.5208041825840799,-0.5289530947823837,0.9300599069324968,0.0
11.82,1.4110702610994494,-0.27624728315543534,-2.605914033644788,0.4780592491046368,-0.5276941551725272,1.0081254729970217,0.0
11.84,1.4267047875782373,-0.2869800405616858,-2.596843337956665,0.43531431562519374,-0.5264352155626706,1.0861910390615468,0.0
11.86,1.442339314057025,-0.2977127979679363,-2.5877726422685425,0.3925693821457507,-0.5251762759528141,1.1642566051260717,0.0
11.88,1.4579738405358145,-0.3084455553741877,-2.5787019465804186,0.34982444866630386,-0.5239173363429575,1.2423221711906034,0.0
11.9,1.4736083670146023,-0.31917831278043823,-2.5696312508922956,0.30707951518686083,-0.5226583967331009,1.3203877372551283,0.0
11.92,1.4892428934933901,-0.32991107018668875,-2.5605605552041726,0.26433458170741775,-0.5213994571232443,1.3984533033196533,0.0
11.94,1.5006688043225531,-0.3405198738863198,-2.5438036161114606,0.2310110105096079,-0.5254660997113145,1.4363152500846708,0.0
11.96,1.5054315399979072,-0.3509324312838591,-2.5148776432215736,0.21260355242267512,-0.5379643240675998,1.4105259206316776,0.0
11.98,1.5101942756732607,-0.36134498868139747,-2.485951670331689,0.19419609433574397,-0.5504625484238839,1.3847365911786869,0.0
12.0,1.5149570113486142,-0.3717575460789358,-2.4570256974418045,0.1757886362488128,-0.562960772780168,1.358947261725696,0.0
12.02,1.5197197470239676,-0.3821701034764742,-2.4280997245519202,0.15738117816188166,-0.5754589971364521,1.3331579322727052,0.0
12.040000000000001,1.5244824826993215,-0.39258266087401344,-2.399173751662033,0.13897372007494885,-0.5879572214927373,1.307368602819712,0.0
12.06,1.529245218374675,-0.40299521827155177,-2.3702477787721485,0.12056626198801772,-0.6004554458490214,1.2815792733667213,0.0
12.08,1.5340079540500287,-0.41340777566909015,-2.341321805882264,0.10215880390108656,-0.6129536702053056,1.2557899439137306,0.0
12.1,1.5387706897253821,-0.4238203330666285,-2.3123958329923795,0.08375134581415541,-0.6254518945615897,1.2300006144607396,0.0
12.120000000000001,1.543533425400736,-0.43423289046416774,-2.2834698601024925,0.0653438877272226,-0.6379501189178749,1.2042112850077467,0.0
12.14,1.5482961610760895,-0.4446454478617061,-2.254543887212608,0.04693642964029146,-0.650448343274159,1.1784219555547557,0.0
12.16,1.553058896751443,-0.45505800525924445,-2.2256179143227235,0.028528971553360316,-0.6629465676304431,1.152632626101765,0.0
12.18,1.5578216324267964,-0.46547056265678277,-2.1966919414328387,0.010121513466429144,-0.6754447919867274,1.1268432966487743,0.0
12.200000000000001,1.5594472933191412,-0.4780131188991016,-2.1721610922322534,0.0017401795861011473,-0.6887999398555478,1.1001234088272547,0.0
12.22,1.5595282569748858,-0.4916044876680801,-2.1497944041967623,-0.001704285578302744,-0.7025770373026685,1.0729453135864746,0.0
12.24,1.5596092206306302,-0.5051958564370587,-2.127427716161271,-0.005148750742706636,-0.7163541347497893,1.0457672183456945,0.0
12.26,1.5596901842863748,-0.5187872252060373,-2.10506102812578,-0.008593215907110527,-0.73013123219691,1.0185891231049145,0.0
12.280000000000001,1.5597711479421195,-0.532378593975017,-2.082694340090287,-0.012037681071514723,-0.743908329644032,0.9914110278641318,0.0
12.3,1.559852111597864,-0.5459699627439956,-2.060327652054796,-0.015482146235918617,-0.7576854270911527,0.9642329326233517,0.0
12.32,1.5599330752536087,-0.5595613315129742,-2.037960964019305,-0.018926611400322507,-0.7714625245382735,0.9370548373825716,0.0
12.34,1.5600140389093533,-0.5731527002819528,-2.015594275983814,-0.022371076564726398,-0.7852396219853942,0.9098767421417915,0.0
12.36,1.5600950025650977,-0.5867440690509312,-1.993227587948323,-0.02581554172913029,-0.7990167194325148,0.8826986469010114,0.0
12.38,1.5601759662208423,-0.600335437819911,-1.9708608999128299,-0.029260006893534484,-0.8127938168796369,0.8555205516602289,0.0
12.4,1.560256929876587,-0.6139268065888897,-1.9484942118773387,-0.032704472057938375,-0.8265709143267576,0.8283424564194488,0.0
12.42,1.5603378935323315,-0.6275181753578681,-1.9261275238418478,-0.036148937222342276,-0.8403480117738783,0.8011643611786686,0.0
12.44,1.5604188571880762,-0.6411095441268467,-1.9037608358063567,-0.03959340238674616,-0.854125109220999,0.7739862659378884,0.0
12.46,1.559664918948973,-0.6580403354810719,-1.8879818303665166,-0.04121133944127224,-0.8600664859537948,0.7647558272506984,0.0
12.48,1.5588698137551749,-0.675135785532471,-1.8725276473191472,-0.04273921489644998,-0.8656215026104643,0.7564103432735007,0.0
12.5,1.5580747085613766,-0.6922312355838701,-1.8570734642717777,-0.04426709035162773,-0.8711765192671339,0.748064859296303,0.0
12.52,1.5572796033675784,-0.7093266856352691,-1.841619281224408,-0.04579496580680547,-0.8767315359238035,0.7397193753191053,0.0
12.540000000000001,1.5564844981737802,-0.7264221356866698,-1.8261650981770374,-0.04732284126198335,-0.8822865525804736,0.7313738913419068,0.0
12.56,1.555689392979982,-0.7435175857380688,-1.8107109151296679,-0.0488507167171611,-0.8878415692371432,0.7230284073647091,0.0
12.58,1.554894287786184,-0.7606130357894679,-1.7952567320822983,-0.05037859217233884,-0.8933965858938128,0.7146829233875113,0.0
12.6,1.5540991825923858,-0.7777084858408669,-1.779802549034929,-0.051906467627516585,-0.8989516025504825,0.7063374394103136,0.0
12.620000000000001,1.5533040773985876,-0.7948039358922676,-1.764348365987558,-0.053434343082694465,-0.9045066192071525,0.6979919554331151,0.0
12.64,1.5525089722047893,-0.8118993859436666,-1.7488941829401887,-0.05496221853787221,-0.910061635863822,0.6896464714559174,0.0
12.66,1.5517138670109911,-0.8289948359950657,-1.7334399998928192,-0.05649009399304995,-0.9156166525204916,0.6813009874787197,0.0
12.68,1.550918761817193,-0.8460902860464647,-1.7179858168454496,-0.058017969448227694,-0.9211716691771613,0.6729555035015219,0.0
12.700000000000001,1.550031963204835,-0.8635191130532188,-1.703032476947834,-0.057471649620027994,-0.9262555617789152,0.6647501712898105,0.0
12.72,1.5488482565799366,-0.8820274318140744,-1.6897008929681914,-0.050208978619828065,-0.929813930422654,0.6569986577141418,0.0
12.74,1.5476645499550383,-0.9005357505749301,-1.6763693089885485,-0.042946307619628143,-0.9333722990663929,0.6492471441384731,0.0
12.76,1.5464808433301398,-0.9190440693357856,-1.663037725008906,-0.035683636619428215,-0.9369306677101317,0.6414956305628043,0.0
12.780000000000001,1.5452971367052415,-0.9375523880966429,-1.649706141029262,-0.028420965619227644,-0.9404890363538708,0.6337441169871348,0.0
12.8,1.544113430080343,-0.9560607068574984,-1.6363745570496193,-0.02115829461902772,-0.9440474049976096,0.6259926034114661,0.0
12.82,1.5429297234554447,-0.9745690256183541,-1.6230429730699765,-0.01389562361882779,-0.9476057736413485,0.6182410898357974,0.0
12.84,1.5417460168305464,-0.9930773443792097,-1.6097113890903338,-0.006632952618627862,-0.9511641422850873,0.6104895762601287,0.0
12.86,1.540562310205648,-1.0115856631400653,-1.596379805110691,0.0006297183815720669,-0.9547225109288261,0.60273806268446,0.0
12.88,1.5393786035807495,-1.0300939819009225,-1.5830482211310473,0.007892389381772634,-0.9582808795725652,0.5949865491087905,0.0
12.9,1.5381948969558512,-1.0486023006617782,-1.5697166371514044,0.01515506038197257,-0.9618392482163041,0.5872350355331217,0.0
12.92,1.537011190330953,-1.0671106194226339,-1.5563850531717618,0.02241773138217249,-0.9653976168600429,0.579483521957453,0.0
12.94,1.5358274837060544,-1.0856189381834893,-1.543053469192119,0.029680402382372413,-0.9689559855037817,0.5717320083817843,0.0
12.96,1.5356022969295646,-1.1045968867779004,-1.530744922001183,0.03852049502809864,-0.9681692278002293,0.5739954803684671,0.0
12.98,1.53626578559452,-1.124010244717606,-1.519384866040064,0.048823067433121696,-0.9633539598042452,0.5855441765792142,0.0
13.0,1.5369292742594756,-1.1434236026573115,-1.5080248100789448,0.05912563983814475,-0.9585386918082611,0.5970928727899611,0.0
13.02,1.537592762924431,-1.162836960597017,-1.4966647541178257,0.06942821224316781,-0.953723423812277,0.6086415690007082,0.0
13.040000000000001,1.5382562515893867,-1.1822503185367244,-1.4853046981567055,0.07973078464819178,-0.9489081558162926,0.6201902652114563,0.0
13.06,1.5389197402543422,-1.2016636764764301,-1.4739446421955864,0.09003335705321482,-0.9440928878203085,0.6317389614222032,0.0
13.08,1.5395832289192977,-1.2210770344161357,-1.4625845862344673,0.10033592945823788,-0.9392776198243245,0.6432876576329503,0.0
13.1,1.5402467175842531,-1.2404903923558412,-1.451224530273348,0.11063850186326094,-0.9344623518283404,0.6548363538436972,0.0
13.120000000000001,1.5409102062492086,-1.2599037502955486,-1.439864474312228,0.12094107426828488,-0.9296470838323558,0.6663850500544453,0.0
13.14,1.541573694914164,-1.2793171082352544,-1.4285044183511086,0.13124364667330793,-0.9248318158363718,0.6779337462651923,0.0
13.16,1.5422371835791195,-1.29873046617496,-1.4171443623899895,0.14154621907833098,-0.9200165478403877,0.6894824424759394,0.0
13.18,1.542900672244075,-1.3181438241146655,-1.4057843064288704,0.15184879148335403,-0.9152012798444036,0.7010311386866863,0.0
13.200000000000001,1.5435641609090305,-1.3375571820543728,-1.3944242504677502,0.16215136388837803,-0.9103860118484192,0.7125798348974344,0.0
13.22,1.5463288001766176,-1.3559884936804159,-1.380708904094793,0.17017906812985553,-0.8954405344511996,0.7484850113283846,0.0
13.24,1.5496126558139187,-1.3741771313538005,-1.3664115407375579,0.17764462856880164,-0.8779917759740012,0.7904089296920219,0.0
13.26,1.5528965114512199,-1.3923657690271851,-1.352114177380323,0.18511018900774778,-0.8605430174968027,0.8323328480556592,0.0
13.280000000000001,1.5561803670885213,-1.4105544067005713,-1.3378168140230864,0.19257574944669456,-0.8430942590196028,0.8742567664193003,0.0
13.3,1.5594642227258224,-1.428743044373956,-1.3235194506658514,0.20004130988564067,-0.8256455005424044,0.9161806847829376,0.0
13.32,1.5627480783631236,-1.4469316820473406,-1.3092220873086162,0.20750687032458678,-0.8081967420652059,0.9581046031465749,0.0
13.34,1.5660319340004247,-1.4651203197207252,-1.2949247239513813,0.2149724307635329,-0.7907479835880075,1.0000285215102123,0.0
13.36,1.5693157896377259,-1.4833089573941098,-1.280627360594146,0.222437991202479,-0.7732992251108091,1.0419524398738496,0.0
13.38,1.5725996452750275,-1.501497595067496,-1.2663299972369098,0.22990355164142579,-0.7558504666336091,1.0838763582374906,0.0
13.4,1.5758835009123286,-1.5196862327408807,-1.2520326338796746,0.23736911208037192,-0.7384017081564106,1.125800276601128,0.0
13.42,1.5791673565496298,-1.5378748704142653,-1.2377352705224396,0.24483467251931804,-0.7209529496792122,1.1677241949647652,0.0
13.44,1.582451212186931,-1.55606350808765,-1.2234379071652044,0.25230023295826415,-0.7035041912020138,1.2096481133284025,0.0
13.46,1.5858960889753888,-1.573875801721064,-1.208236306590801,0.2589552310184182,-0.6848762646866966,1.2535662174623223,0.0
13.48,1.5910787430132456,-1.5876265040298987,-1.1832759702679179,0.25686245370268,-0.6535224858523487,1.319006032488102,0.0
13.5,1.5962613970511021,-1.6013772063387333,-1.1583156339450347,0.2547696763869418,-0.6221687070180009,1.384445847513882,0.0
13.52,1.601444051088959,-1.615127908647568,-1.1333552976221517,0.2526768990712036,-0.590814928183653,1.4498856625396621,0.0
13.540000000000001,1.606626705126816,-1.628878610956404,-1.1083949612992663,0.2505841217554652,-0.5594611493493024,1.5153254775654479,0.0
13.56,1.6118093591646727,-1.6426293132652388,-1.083434624976383,0.248491344439727,-0.5281073705149545,1.5807652925912277,0.0
13.58,1.6169920132025293,-1.6563800155740735,-1.0584742886535,0.2463985671239888,-0.4967535916806066,1.6462051076170077,0.0
13.6,1.622174667240386,-1.6701307178829081,-1.0335139523306167,0.2443057898082506,-0.46539981284625875,1.7116449226427877,0.0
13.620000000000001,1.627357321278243,-1.6838814201917442,-1.0085536160077315,0.2422130124925122,-0.4340460340119081,1.7770847376685732,0.0
13.64,1.6325399753160998,-1.6976321225005788,-0.9835932796848483,0.240120235176774,-0.40269225517756024,1.8425245526943532,0.0
13.66,1.6377226293539564,-1.7113828248094136,-0.9586329433619651,0.2380274578610358,-0.3713384763432124,1.9079643677201332,0.0
13.68,1.6429052833918132,-1.7251335271182484,-0.933672607039082,0.2359346805452976,-0.3399846975088645,1.973404182745913,0.0
13.700000000000001,1.6480879374296702,-1.7388842294270843,-0.9087122707161966,0.2338419032295592,-0.30863091867451387,2.038843997771699,0.0
13.72,1.6530748459976594,-1.749702292833586,-0.8776310981036906,0.22460056101563772,-0.2894340307614309,2.066849832376345,0.0
13.74,1.657725220878132,-1.7554784424495709,-0.836026731219434,0.20306911110592077,-0.2911377712676768,2.0304976234560668,0.0
13.76,1.6623755957586044,-1.7612545920655558,-0.7944223643351777,0.18153766119620382,-0.29284151177392265,1.9941454145357884,0.0
13.780000000000001,1.6670259706390773,-1.7670307416815412,-0.7528179974509175,0.16000621128648496,-0.29454525228016865,1.957793205615507,0.0
13.8,1.6716763455195498,-1.772806891297526,-0.711213630566661,0.138474761376768,-0.2962489927864145,1.9214409966952284,0.0
13.82,1.6763267204000223,-1.778583040913511,-0.6696092636824045,0.11694331146705107,-0.2979527332926603,1.88508878777495,0.0
13.84,1.6809770952804948,-1.784359190529496,-0.628004896798148,0.09541186155733411,-0.2996564737989062,1.8487365788546717,0.0
13.86,1.6856274701609675,-1.790135340145481,-0.5864005299138915,0.07388041164761716,-0.30136021430515203,1.8123843699343931,0.0
13.88,1.6902778450414404,-1.7959114897614663,-0.5447961630296313,0.0523489617378983,-0.30306395481139803,1.7760321610141117,0.0
13.9,1.694928219921913,-1.8016876393774512,-0.5031917961453748,0.03081751182818135,-0.30476769531764386,1.7396799520938333,0.0
13.92,1.6995785948023854,-1.8074637889934362,-0.4615874292611183,0.0092860619184644,-0.3064714358238897,1.7033277431735547,0.0
13.94,1.7042289696828579,-1.8132399386094211,-0.41998306237686184,-0.012245387991252549,-0.3081751763301355,1.6669755342532764,0.0
13.96,1.7088793445633308,-1.8190160882254065,-0.3783786954926016,-0.033776837900971385,-0.3098789168363815,1.6306233253329947,0.0
13.98,1.7099662833389324,-1.8250742054032019,-0.3427905873508589,-0.039184723663499586,-0.29458790771827786,1.535140479882114,0.0
14.0,1.7091403268730094,-1.8312836861501418,-0.31043207906207954,-0.035937286803176205,-0.27017391316404293,1.4079155995191712,0.0
14.02,1.7083143704070862,-1.8374931668970818,-0.2780735707733002,-0.03268984994285282,-0.245759918609808,1.2806907191562285,0.0
14.040000000000001,1.7074884139411632,-1.8437026476440221,-0.24571506248451802,-0.029442413082529144,-0.2213459240555709,1.1534658387932744,0.0
14.06,1.70666245747524,-1.849912128390962,-0.21335655419573868,-0.026194976222205762,-0.196931929501336,1.0262409584303316,0.0
14.08,1.705836501009317,-1.8561216091379018,-0.18099804590695934,-0.022947539361882378,-0.17251793494710108,0.8990160780673889,0.0
14.1,1.7050105445433938,-1.8623310898848418,-0.14863953761818,-0.019700102501558993,-0.14810394039286617,0.7717911977044463,0.0
14.120000000000001,1.7041845880774709,-1.8685405706317821,-0.11628102932939777,-0.01645266564123532,-0.12368994583862908,0.6445663173414922,0.0
14.14,1.7033586316115477,-1.874750051378722,-0.08392252104061843,-0.013205228780911935,-0.09927595128439415,0.5173414369785494,0.0
14.16,1.7025326751456247,-1.880959532125662,-0.05156401275183908,-0.00995779192058855,-0.07486195673015925,0.39011655661560685,0.0
14.18,1.7017067186797017,-1.887169012872602,-0.01920550446305974,-0.006710355060265162,-0.050447962175924344,0.2628916762526641,0.0
14.200000000000001,1.7008807622137785,-1.8933784936195424,0.013153003825722431,-0.0034629181999414893,-0.02603396762168725,0.13566679588970998,0.0
14.22,1.7000548057478555,-1.8995879743664823,0.04551151211450177,-0.00021548133961810795,-0.0016199730674523183,0.008441915526767207,1.0
